CaseType = 0;
Energies = [270.0, 272.0, 274.0, 276.0, 278.0, 280.0, 282.0, 282.25, 282.5, 282.75, 283.0, 283.25, 283.5, 283.75, 284.0, 284.25, 284.5, 284.75, 285.0, 285.25, 285.5, 285.75, 286.0, 286.5, 287.0, 287.5, 288.0, 288.5, 289.0, 289.5, 290.0, 290.5, 291.0, 291.5, 292.0, 293.0, 294.0, 295.0, 296.0, 297.0, 298.0, 299.0, 300.0, 301.0, 302.0, 303.0, 304.0, 305.0, 306.0, 310.0, 314.0, 318.0, 320.0, 330.0, 340.0];
EAngleRotation = [1, 0, 0];
MorphologyType = 0;
AlgorithmType = 0;
NumThreads = 4;
DumpMorphology = False;
ScatterApproach = 0;
WindowingType = 0;
RotMask = False;
EwaldsInterpolation = 1;
