beta_P3HTpara beta_P3HTperp delta_P3HT_para delta_P3HTperp delta_P3HT beta_P3HT energy_P3HT
0.345939147 0.345939147 -0.557471921 -0.54968927 -2.737756256 0.402507411 10
0.352411979 0.352411979 -0.180245383 -0.172705959 -1.39102812 0.410038686 10.1617
0.359007825 0.359007825 -0.1209874 -0.113685115 -1.18032705 0.417713091 10.3261
0.365738686 0.365738686 -0.091986395 -0.084915508 -1.04933862 0.425544588 10.4931
0.372602797 0.372602797 -0.076476027 -0.069628567 -0.952742298 0.433531124 10.6628
0.379936978 0.379936978 -0.067898344 -0.061266679 -0.876106472 0.442064597 10.8353
0.388402807 0.388402807 -0.062884068 -0.056460787 -0.812071091 0.451914765 11.0106
0.397086232 0.397086232 -0.059525791 -0.053304458 -0.756776607 0.462018111 11.1886
0.406622086 0.406622086 -0.056744112 -0.050720888 -0.708341797 0.473113276 11.3696
0.417764365 0.417764365 -0.054770749 -0.048936192 -0.664055351 0.48607755 11.5535
0.429208234 0.429208234 -0.050992185 -0.045342597 -0.62200296 0.49939273 11.7404
0.440969718 0.440969718 -0.045537816 -0.040064481 -0.580176962 0.513077463 11.9303
0.449069241 0.449069241 -0.038391085 -0.033091562 -0.539900953 0.522501426 12.1232
0.456343495 0.456343495 -0.032332761 -0.027201032 -0.503364894 0.530965173 12.3193
0.46376946 0.46376946 -0.026455264 -0.02148549 -0.469127466 0.539605437 12.5186
0.471365003 0.471365003 -0.019445903 -0.014632361 -0.435263784 0.54844301 12.721
0.476822171 0.476822171 -0.011926097 -0.007263419 -0.402495703 0.55479254 12.9268
0.48236953 0.48236953 -0.004324716 0.000191196 -0.371614718 0.561247008 13.1359
0.488119463 0.488119463 0.005520741 0.009893069 -0.339388806 0.567937174 13.3483
0.489351977 0.489351977 0.01556513 0.019801085 -0.307942276 0.569371229 13.5642
0.489822922 0.489822922 0.024129271 0.028231256 -0.2799417 0.569919185 13.7836
0.490332406 0.490332406 0.032097681 0.036069603 -0.253785139 0.57051198 14.0066
0.490892185 0.490892185 0.040281599 0.044128238 -0.228346573 0.571163294 14.2331
0.490841902 0.490841902 0.049438338 0.053163853 -0.20258923 0.571104789 14.4633
0.48845804 0.48845804 0.059063926 0.06267269 -0.176955123 0.568331116 14.6973
0.483212728 0.483212728 0.067022061 0.070518114 -0.154295144 0.562228086 14.935
0.478067562 0.478067562 0.072927645 0.076312177 -0.135122473 0.556241577 15.1765
0.473012152 0.473012152 0.077256281 0.080535557 -0.118191551 0.550359503 15.422
0.468049573 0.468049573 0.080439984 0.083615384 -0.103433593 0.544585439 15.6714
0.463638878 0.463638878 0.082069988 0.085154985 -0.092045676 0.539453503 15.9
0.463162141 0.463162141 0.082246219 0.08532122 -0.090888648 0.53889881 15.9249
0.459150023 0.459150023 0.082065799 0.08507484 -0.084144834 0.534230626 16.1
0.457282074 0.457282074 0.081586719 0.08456492 -0.081531575 0.532057229 16.1825
0.44815002 0.44815002 0.070389068 0.073273951 -0.08400708 0.521431894 16.4442
0.451696433 0.451696433 0.031281294 0.034075832 -0.120388405 0.525558219 16.7102
0.561778355 0.561778355 0.054519729 0.057225197 -0.077890785 0.653640831 16.9805
0.543314842 0.543314842 0.124283372 0.126904689 0.002830859 0.632158149 17.2551
0.525650927 0.525650927 0.155985503 0.158524278 0.046706977 0.611605816 17.5342
0.508257877 0.508257877 0.178832112 0.181290813 0.08015639 0.591368638 17.8178
0.489717178 0.489717178 0.196271569 0.198653099 0.107222233 0.569796149 18.106
0.471963019 0.471963019 0.209506262 0.211813017 0.128790181 0.549138815 18.3989
0.454965328 0.454965328 0.220197173 0.222430545 0.147111655 0.529361646 18.6964
0.438400383 0.438400383 0.228910653 0.231074708 0.162875843 0.510087988 18.9988
0.422538739 0.422538739 0.236130038 0.238225758 0.176549878 0.491632634 19.3061
0.407300323 0.407300323 0.242331773 0.244361445 0.188760378 0.473902419 19.6184
0.392596624 0.392596624 0.247980387 0.249946445 0.200062002 0.456794359 19.9357
0.377957628 0.377957628 0.253603651 0.255508145 0.211121026 0.439761581 20.2582
0.361821065 0.361821065 0.258405283 0.260249237 0.221152092 0.420986354 20.5858
0.345494619 0.345494619 0.26128784 0.263074401 0.228538094 0.401990193 20.9188
0.329953601 0.329953601 0.262699656 0.264430373 0.233970924 0.383907896 21.2571
0.315153369 0.315153369 0.263207786 0.264884167 0.238173767 0.366687517 21.6009
0.301056625 0.301056625 0.263078926 0.264702338 0.241441393 0.350285661 21.9503
0.287630382 0.287630382 0.262528566 0.264100787 0.24402524 0.334663948 22.3053
0.274837955 0.274837955 0.261941714 0.263464791 0.246428426 0.319779692 22.6661
0.261881232 0.261881232 0.26142543 0.262900986 0.248843246 0.304704275 23.0327
0.248104642 0.248104642 0.260012857 0.261442085 0.250042589 0.288674924 23.4053
0.235084645 0.235084645 0.257381067 0.258765168 0.249562643 0.273525886 23.7838
0.222787809 0.222787809 0.254052247 0.255393016 0.248161345 0.259218261 24.1685
0.211393114 0.211393114 0.250365441 0.251663975 0.246222526 0.245960297 24.5594
0.200585362 0.200585362 0.246538601 0.247796583 0.244012866 0.233385252 24.9566
0.190343258 0.190343258 0.242695995 0.243914425 0.2416852 0.22146835 25.3603
0.18023448 0.18023448 0.238722353 0.239902786 0.23910121 0.209706576 25.7705
0.170579555 0.170579555 0.234546244 0.23568965 0.236165594 0.19847287 26.1873
0.161100014 0.161100014 0.230144143 0.231251957 0.232886017 0.187443225 26.6109
0.152027563 0.152027563 0.225396962 0.226470057 0.229082543 0.176887239 27.0413
0.143504814 0.143504814 0.22042585 0.221465087 0.22492324 0.166970844 27.4786
0.135492984 0.135492984 0.215376519 0.216383664 0.220614617 0.157648912 27.9231
0.12783615 0.12783615 0.21027258 0.211248029 0.216155333 0.148740027 28.3747
0.120621759 0.120621759 0.2050877 0.206032693 0.211516302 0.140345931 28.8337
0.113855619 0.113855619 0.199963044 0.200878582 0.206896491 0.132473387 29.3
0.107232468 0.107232468 0.194823052 0.195709802 0.202201467 0.124767213 29.7739
0.10093203 0.10093203 0.189464667 0.190323585 0.197147515 0.117436522 30.2555
0.095279154 0.095279154 0.184075326 0.184907516 0.192006874 0.110859282 30.7449
0.089986876 0.089986876 0.178838456 0.179644979 0.187006099 0.104701607 31.2421
0.08500387 0.08500387 0.173708105 0.174489213 0.182065068 0.098903775 31.7475
0.080325392 0.080325392 0.168674298 0.169431016 0.177185742 0.093460269 32.2609
0.0759214 0.0759214 0.163740938 0.164474242 0.172377343 0.088336132 32.7827
0.071772087 0.071772087 0.158910113 0.159620425 0.167637846 0.08350832 33.313
0.067871471 0.067871471 0.154182459 0.154870766 0.162977038 0.078969872 33.8518
0.064191929 0.064191929 0.149562264 0.150229063 0.158399468 0.074688648 34.3993
0.060720056 0.060720056 0.145025744 0.145671883 0.153875877 0.070649051 34.9557
0.057506348 0.057506348 0.140603825 0.141229728 0.149446491 0.066909835 35.5211
0.054481182 0.054481182 0.136324399 0.1369309 0.145152331 0.063389991 36.0956
0.051625452 0.051625452 0.132172709 0.132760563 0.140971571 0.060067291 36.6794
0.049252083 0.049252083 0.128632782 0.129204467 0.137398108 0.057305826 37.2
0.048929604 0.048929604 0.128147406 0.128716906 0.136907629 0.056930615 37.2727
0.048379289 0.048379289 0.127305718 0.127871417 0.136056133 0.056290312 37.4
0.046379023 0.046379023 0.124243927 0.124795798 0.132955152 0.05396296 37.8755
0.043967747 0.043967747 0.120462882 0.120997587 0.129109048 0.051157391 38.4882
0.041687726 0.041687726 0.11682842 0.117346678 0.12541336 0.048504538 39.1107
0.039443579 0.039443579 0.113313837 0.113815997 0.121834775 0.045893427 39.7432
0.037254969 0.037254969 0.109842416 0.110328902 0.118274945 0.043346933 40.3861
0.035190801 0.035190801 0.106406202 0.106877633 0.114729726 0.040945231 41.0393
0.033256096 0.033256096 0.10303218 0.103489067 0.111235442 0.038694161 41.7031
0.031446943 0.031446943 0.099739153 0.100182003 0.107816338 0.036589174 42.3776
0.029736555 0.029736555 0.096526756 0.09695596 0.104471154 0.034599102 43.063
0.028130595 0.028130595 0.093385614 0.093801449 0.101188022 0.032730534 43.7595
0.026628788 0.026628788 0.090313226 0.090716349 0.097970846 0.03098315 44.4673
0.025223861 0.025223861 0.087285523 0.087676186 0.094774951 0.029348488 45.1865
0.024028575 0.024028575 0.084364599 0.08474336 0.09169602 0.027957748 45.9174
0.022892716 0.022892716 0.081600606 0.081967715 0.088788382 0.026636153 46.66
0.021813309 0.021813309 0.078945028 0.079300816 0.085989556 0.02538024 47.4147
0.020787502 0.020787502 0.076380871 0.076725812 0.083282241 0.024186692 48.1816
0.01982507 0.01982507 0.073905926 0.074240221 0.080664457 0.023066882 48.9609
0.018914504 0.018914504 0.071519177 0.071843332 0.078137568 0.022007419 49.7528
0.018054788 0.018054788 0.069218391 0.069532604 0.075697651 0.021007122 50.5576
0.017238223 0.017238223 0.067005603 0.067310165 0.07335043 0.020057032 51.3753
0.016439441 0.016439441 0.064861436 0.06515672 0.071073269 0.019127632 52.2062
0.015680208 0.015680208 0.062760679 0.063046968 0.068831401 0.018244249 53.0506
0.014998285 0.014998285 0.060719453 0.060997032 0.066648637 0.017450817 53.9087
0.014375355 0.014375355 0.058767107 0.059036241 0.06456291 0.016726025 54.7806
0.013779967 0.013779967 0.056900063 0.05716102 0.062568151 0.016033279 55.6667
0.013212094 0.013212094 0.055105095 0.05535818 0.060647866 0.015372547 56.567
0.012673271 0.012673271 0.053379938 0.053625367 0.058800314 0.014745616 57.482
0.012158642 0.012158642 0.051727163 0.051965124 0.057029895 0.014146834 58.4117
0.011654877 0.011654877 0.050139456 0.050370241 0.055327832 0.013560692 59.3564
0.01116951 0.01116951 0.04861389 0.04883775 0.053690703 0.012995958 60.3165
0.010687172 0.010687172 0.047152781 0.047369886 0.052124202 0.012434747 61.2921
0.010184022 0.010184022 0.04572694 0.045937584 0.050592662 0.011849322 62.2834
0.009705848 0.009705848 0.044323633 0.044527935 0.049077746 0.011292956 63.2908
0.009249546 0.009249546 0.042956471 0.043154686 0.04760075 0.010762039 64.3145
0.008811671 0.008811671 0.041625671 0.041817918 0.046160457 0.010252563 65.3547
0.008395438 0.008395438 0.040330369 0.040516896 0.044756285 0.009768267 66.4118
0.007999782 0.007999782 0.039073248 0.039254239 0.043392034 0.009307913 67.4859
0.00762007 0.00762007 0.037852498 0.038028144 0.042065562 0.008866111 68.5775
0.007258474 0.007258474 0.036666431 0.036836838 0.040774622 0.008445386 69.6867
0.006914566 0.006914566 0.03551511 0.035680508 0.039520033 0.008045242 70.8138
0.00658756 0.00658756 0.034399687 0.034560206 0.038303455 0.007664763 71.9591
0.006271992 0.006271992 0.033317714 0.033473512 0.037122181 0.007297594 73.123
0.00596977 0.00596977 0.032265284 0.032416513 0.035971364 0.006945952 74.3057
0.005683053 0.005683053 0.031241646 0.031388452 0.034850361 0.006612351 75.5076
0.005413084 0.005413084 0.030248696 0.030391228 0.033761942 0.006298236 76.7289
0.005156276 0.005156276 0.029287129 0.029425503 0.032707027 0.005999434 77.9699
0.004911635 0.004911635 0.028355656 0.028490009 0.031684237 0.00571479 79.231
0.004677177 0.004677177 0.027452541 0.027583039 0.0306917 0.005441992 80.5125
0.004453577 0.004453577 0.026576346 0.026703055 0.029727579 0.00518183 81.8147
0.004240522 0.004240522 0.025726184 0.025849287 0.028791334 0.004933936 83.138
0.00403773 0.00403773 0.024901589 0.025021173 0.027882334 0.004697983 84.4827
0.003844809 0.003844809 0.024101998 0.024218148 0.027000051 0.004473516 85.8491
0.003661271 0.003661271 0.023326645 0.023439519 0.026143875 0.004259965 87.2377
0.003486501 0.003486501 0.022575128 0.022684778 0.025313231 0.004056616 88.6487
0.003320049 0.003320049 0.021846524 0.021953101 0.024507336 0.003862946 90.0825
0.003161445 0.003161445 0.021140233 0.021243817 0.023725483 0.003678408 91.5395
0.003010154 0.003010154 0.020455312 0.020556026 0.022966707 0.003502376 93.0201
0.002866218 0.002866218 0.019791146 0.01988908 0.022230329 0.003334904 94.5246
0.002729264 0.002729264 0.019147284 0.019242497 0.021515874 0.003175555 96.0535
0.002598952 0.002598952 0.018523202 0.018615795 0.020822859 0.003023934 97.6071
0.002474957 0.002474957 0.017918657 0.018008738 0.020151184 0.002879664 99.1858
0.002355816 0.002355816 0.01733285 0.017420492 0.019499949 0.002741041 100.79
0.002241358 0.002241358 0.016764173 0.016849449 0.018867179 0.002607867 102.42
0.002132552 0.002132552 0.016211698 0.016294681 0.018251928 0.002481269 104.077
0.002029092 0.002029092 0.015675706 0.015756467 0.017654633 0.002360891 105.76
0.001930903 0.001930903 0.015155157 0.015233785 0.017074136 0.002246645 107.471
0.001838146 0.001838146 0.014650315 0.0147269 0.016510808 0.002138721 109.209
0.001750358 0.001750358 0.014160937 0.014235529 0.015964389 0.002036578 110.975
0.001667035 0.001667035 0.013686574 0.013759221 0.015434428 0.00193963 112.77
0.001587561 0.001587561 0.013226768 0.01329756 0.0149205 0.00184716 114.594
0.001511483 0.001511483 0.01278056 0.012849571 0.014421476 0.001758642 116.448
0.001438994 0.001438994 0.012347607 0.012414893 0.013936945 0.0016743 118.331
0.001369991 0.001369991 0.011927147 0.011992756 0.013466096 0.001594013 120.245
0.001304331 0.001304331 0.011518868 0.011582863 0.013008629 0.001517617 122.19
0.001241862 0.001241862 0.011122429 0.011184874 0.01256418 0.001444932 124.166
0.00118236 0.00118236 0.01073709 0.010798033 0.012131913 0.001375701 126.175
0.001125762 0.001125762 0.010362869 0.010422351 0.011711851 0.001309847 128.215
0.001071884 0.001071884 0.009998849 0.010056963 0.011303012 0.001247159 130.289
0.00102059 0.00102059 0.009645252 0.00970201 0.01090576 0.001187478 132.397
0.000969695 0.000969695 0.009300664 0.009356135 0.010518416 0.001128261 134.538
0.000921298 0.000921298 0.00896331 0.009017542 0.010138757 0.001071949 136.714
0.00087534 0.00087534 0.008633187 0.008686248 0.009767026 0.001018477 138.925
0.000831692 0.000831692 0.008309594 0.008361512 0.009402357 0.000967691 141.172
0.000790236 0.000790236 0.007991483 0.008042319 0.009043593 0.000919456 143.456
0.000750876 0.000750876 0.007677767 0.007727556 0.008689449 0.00087366 145.776
0.000713562 0.000713562 0.007366391 0.007415177 0.008337569 0.000830245 148.134
0.000678241 0.000678241 0.007054685 0.007102517 0.007984876 0.000789148 150.53
0.000644837 0.000644837 0.00673815 0.006785073 0.007626161 0.000750281 152.964
0.000613089 0.000613089 0.00640752 0.006453601 0.0072507 0.000713342 155.439
0.000582935 0.000582935 0.00604183 0.006087089 0.00683407 0.000678257 157.953
0.00055429 0.00055429 0.005562009 0.005606498 0.006284606 0.000644928 160.507
0.000534294 0.000534294 0.004334399 0.004378345 0.004924272 0.000621662 162.4
0.001569993 0.001569993 0.004323121 0.004367013 0.004911816 0.001826719 162.6
0.001558153 0.001558153 0.004983598 0.005027359 0.005619843 0.001812943 163.103
0.00149826 0.00149826 0.005352611 0.005395692 0.006056333 0.001743256 165.742
0.001440804 0.001440804 0.005358601 0.00540104 0.006070797 0.001676406 168.422
0.001385639 0.001385639 0.005291094 0.005332952 0.005999464 0.00161222 171.146
0.001332666 0.001332666 0.005192602 0.005233908 0.005891778 0.001550585 173.915
0.001281844 0.001281844 0.005078301 0.005119119 0.005765438 0.001491452 176.727
0.001233024 0.001233024 0.004955335 0.00499571 0.005628751 0.001434649 179.586
0.001185944 0.001185944 0.004827972 0.004867936 0.005486714 0.001379871 182.491
0.001139744 0.001139744 0.004698576 0.004738206 0.005342217 0.001326116 185.442
0.001093268 0.001093268 0.004567322 0.004606664 0.005195329 0.00127204 188.442
0.001048388 0.001048388 0.004434762 0.004473898 0.005046642 0.001219822 191.489
0.001004533 0.001004533 0.004301685 0.004340652 0.004897189 0.001168795 194.587
0.000962356 0.000962356 0.0041685 0.004207379 0.004747422 0.001119722 197.734
0.000921815 0.000921815 0.004035624 0.004074498 0.004597879 0.001072551 200.932
0.000883055 0.000883055 0.003903321 0.003942255 0.004448855 0.001027453 204.182
0.000845991 0.000845991 0.003771656 0.00381076 0.004300558 0.000984328 207.485
0.000810568 0.000810568 0.003639958 0.003679317 0.004151749 0.000943113 210.84
0.000779871 0.000779871 0.003509449 0.003549191 0.004004468 0.000907396 214.251
0.000751106 0.000751106 0.003381724 0.003421988 0.003860414 0.000873927 217.716
0.000724126 0.000724126 0.003256209 0.003297151 0.003718875 0.000842536 221.237
0.000698424 0.000698424 0.003132665 0.003174474 0.003579635 0.000812631 224.816
0.000673724 0.000673724 0.003010687 0.003053586 0.003442234 0.000783891 228.452
0.000649972 0.000649972 0.002889746 0.002934001 0.003306093 0.000756255 232.147
0.000627124 0.000627124 0.002769353 0.002815298 0.003170705 0.000729671 235.902
0.000605151 0.000605151 0.002648958 0.00269704 0.00303552 0.000704105 239.717
0.000584004 0.000584004 0.002527865 0.002578647 0.002899835 0.000679501 243.595
0.000563425 0.000563425 0.002405244 0.002459491 0.002762887 0.000655557 247.535
0.000542795 0.000542795 0.002279231 0.002337974 0.002622683 0.000631553 251.538
0.000523021 0.000523021 0.002147516 0.002212271 0.002476836 0.000608546 255.607
0.000504077 0.000504077 0.002007526 0.002080567 0.002323021 0.000586505 259.741
0.000502931 0.000502931 0.001998454 0.002072117 0.002313114 0.000585171 260
0.000501608 0.000501608 0.001987891 0.002062302 0.002301595 0.000583631 260.3
0.000500289 0.000500289 0.001977294 0.002052443 0.002290024 0.000582097 260.6
0.000498976 0.000498976 0.001966613 0.002042552 0.002278398 0.000580569 260.9
0.000497667 0.000497667 0.001955899 0.002032612 0.002266716 0.000579045 261.2
0.000496362 0.000496362 0.001945089 0.002022639 0.002254974 0.000577528 261.5
0.000495062 0.000495062 0.001934247 0.00201261 0.002243171 0.000576015 261.8
0.000493767 0.000493767 0.001923297 0.002002546 0.002231304 0.000574509 262.1
0.000492477 0.000492477 0.001912316 0.001992421 0.00221937 0.000573007 262.4
0.000491191 0.000491191 0.001901214 0.001982259 0.002207367 0.000571511 262.7
0.00048991 0.00048991 0.001890083 0.001972029 0.002195292 0.00057002 263
0.000488633 0.000488633 0.001878816 0.001961761 0.002183141 0.000568535 263.3
0.000487361 0.000487361 0.001867519 0.001951417 0.002170912 0.000567054 263.6
0.000486094 0.000486094 0.001856076 0.001941028 0.002158598 0.00056558 263.9
0.000484839 0.000484839 0.001844593 0.001930562 0.0021462 0.00056412 264.2
0.00048359 0.00048359 0.001832971 0.001920052 0.00213372 0.000562667 264.5
0.000482346 0.000482346 0.001821297 0.001909464 0.002121154 0.000561219 264.8
0.000481105 0.000481105 0.00180948 0.001898824 0.002108495 0.000559776 265.1
0.00047987 0.00047987 0.001797596 0.0018881 0.002095741 0.000558338 265.4
0.000478639 0.000478639 0.001785565 0.001877316 0.002082886 0.000556906 265.7
0.000477412 0.000477412 0.001773452 0.001866445 0.002069927 0.000555478 266
0.000476189 0.000476189 0.001761189 0.001855506 0.00205686 0.000554056 266.3
0.00047497 0.00047497 0.001748827 0.001844475 0.002043681 0.000552638 266.6
0.000473756 0.000473756 0.001736311 0.001833367 0.002030383 0.000551225 266.9
0.000472547 0.000472547 0.001723678 0.001822164 0.002016964 0.000549818 267.2
0.000471341 0.000471341 0.001710886 0.001810874 0.002003416 0.000548415 267.5
0.00047014 0.00047014 0.001697958 0.001799483 0.001989735 0.000547017 267.8
0.000468942 0.000468942 0.001684863 0.001787992 0.001975913 0.000545624 268.1
0.000467755 0.000467755 0.00167161 0.001776395 0.001961945 0.000544243 268.4
0.000466576 0.000466576 0.00165819 0.001764694 0.001947831 0.00054287 268.7
0.0004654 0.0004654 0.001644593 0.001752885 0.001933565 0.000541503 269
0.000464228 0.000464228 0.00163082 0.001740959 0.001919138 0.000540139 269.3
0.000463061 0.000463061 0.001616844 0.001728916 0.001904543 0.000538781 269.6
0.000461898 0.000461898 0.001602681 0.001716743 0.001889772 0.000537427 269.9
0.000460738 0.000460738 0.001588287 0.001704446 0.001874817 0.000536079 270.2
0.000459583 0.000459583 0.001573697 0.001692006 0.00185967 0.000534735 270.5
0.000458432 0.000458432 0.001558845 0.001679434 0.001844323 0.000533395 270.8
0.000457284 0.000457284 0.001543784 0.001666703 0.001828767 0.00053206 271.1
0.000456141 0.000456141 0.001528429 0.001653833 0.001812993 0.00053073 271.4
0.000455001 0.000455001 0.001512853 0.00164079 0.001796993 0.000529404 271.7
0.000453866 0.000453866 0.001496947 0.001627604 0.001780759 0.000528082 272
0.000452734 0.000452734 0.001480817 0.001614239 0.001764291 0.000526765 272.3
0.000451586 0.000451586 0.001464341 0.001600747 0.001747601 0.00052543 272.6
0.000450342 0.000450342 0.001447584 0.00158702 0.001730616 0.000523983 272.9
0.000449103 0.000449103 0.001430337 0.001573061 0.001713259 0.000522541 273.2
0.000447868 0.000447868 0.001412772 0.001558831 0.001695561 0.000521104 273.5
0.000446637 0.000446637 0.001394694 0.001544389 0.001677508 0.000519672 273.8
0.000445411 0.000445411 0.001376269 0.001529657 0.001659086 0.000518244 274.1
0.000444188 0.000444188 0.001357279 0.001514695 0.001640276 0.000516823 274.4
0.000442971 0.000442971 0.001337883 0.001499421 0.001621057 0.000515406 274.7
0.000441757 0.000441757 0.00131787 0.00148389 0.001601407 0.000513994 275
0.000440548 0.000440548 0.001297376 0.001468021 0.0015813 0.000512587 275.3
0.000439343 0.000439343 0.001276198 0.001451861 0.001560708 0.000511184 275.6
0.000438142 0.000438142 0.00125445 0.001435334 0.001539603 0.000509787 275.9
0.000436945 0.000436945 0.001231937 0.001418478 0.001517952 0.000508395 276.2
0.000435753 0.000435753 0.001208749 0.001401223 0.001495722 0.000507007 276.5
0.000434564 0.000434564 0.001184717 0.001383613 0.001472895 0.000505625 276.8
0.00043332 0.000433326 0.001159881 0.001365568 0.001449419 0.000504182 277.1
0.000432013 0.000432034 0.001134 0.001347051 0.001425173 0.000502673 277.4
0.000430713 0.000430746 0.001107072 0.001327983 0.001400084 0.000501169 277.7
0.000429415 0.000429464 0.001078935 0.00130838 0.001374116 0.000499671 278
0.000428124 0.000428185 0.001049551 0.001288181 0.001347199 0.000498178 278.3
0.000426836 0.000426911 0.001018739 0.001267366 0.001319252 0.000496691 278.6
0.000425552 0.000425642 0.000986387 0.001245872 0.001290179 0.000495209 278.9
0.000424274 0.000424377 0.000952305 0.001223647 0.001259869 0.000493731 279.2
0.000423001 0.000423115 0.000916294 0.001200614 0.001228186 0.000492259 279.5
0.000421729 0.000421861 0.000878161 0.001176639 0.001194959 0.000490793 279.8
0.000420465 0.000420608 0.000837864 0.001151084 0.00115965 0.000489331 280.1
0.000417651 0.000422449 0.000793854 0.001126594 0.001123627 0.000489667 280.4
0.000416867 0.000418807 0.000745597 0.00110161 0.001085807 0.000486538 280.7
0.000417163 0.000416488 0.000695203 0.001072808 0.001044008 0.000484854 281
0.000413937 0.000416284 0.000639041 0.001043603 0.000999756 0.000483445 281.3
0.000414815 0.000413436 0.000575325 0.001012999 0.000951489 0.000481576 281.6
0.000421535 0.000411435 0.000511177 0.000978531 0.000899858 0.000482631 281.9
0.000414354 0.00041458 0.000438459 0.000944795 0.000845715 0.000482285 282.2
0.000415556 0.000411384 0.000349916 0.000910967 0.000785279 0.000480272 282.5
0.000418324 0.000408401 0.000251183 0.000872026 0.000716912 0.000479032 282.8
0.000417313 0.000407717 0.00017457 0.000845183 0.000666517 0.000478109 283
0.00041732 0.000407591 0.000169346 0.000843823 0.000663396 0.000478014 283.012
0.000417355 0.000407428 0.000163626 0.000842257 0.000660004 0.000477901 283.025
0.000417801 0.000407037 0.000157807 0.000840916 0.000656665 0.000477771 283.038
0.00041846 0.000406291 0.000152667 0.000839451 0.000653617 0.000477448 283.05
0.000419195 0.000405214 0.000147525 0.000837472 0.000650108 0.000476897 283.063
0.000419695 0.000404261 0.000143006 0.000835192 0.000646584 0.000476352 283.075
0.000419824 0.000403631 0.000138785 0.000832399 0.000642768 0.000475914 283.087
0.000419269 0.000403661 0.000134892 0.000828858 0.000638424 0.000475721 283.1
0.000415822 0.000405841 0.000128949 0.000825945 0.000633945 0.000476075 283.113
0.000415689 0.000407227 0.000121841 0.000825296 0.000630698 0.000477099 283.125
0.000413397 0.000408213 0.000114549 0.000824959 0.000627663 0.000476975 283.137
0.000418387 0.000405622 0.00010768 0.00082392 0.000624006 0.0004769 283.15
0.000418948 0.000405636 0.000103259 0.000821593 0.000620718 0.000477129 283.163
0.000415257 0.000405665 9.81E-05 0.000819542 0.000617155 0.00047572 283.175
0.000414036 0.000406353 8.94E-05 0.000818163 0.000612529 0.00047578 283.188
0.000417083 0.000405012 8.25E-05 0.000816307 0.000608462 0.000475921 283.2
0.000417157 0.000405744 7.74E-05 0.000813924 0.000604632 0.000476518 283.212
0.000415955 0.00040679 6.94E-05 0.000813122 0.000600863 0.000476863 283.225
0.000419644 0.000405357 6.23E-05 0.000812009 0.000597375 0.000477182 283.238
0.00041604 0.00040655 5.49E-05 0.000811311 0.000593965 0.00047671 283.25
0.000420975 0.000403949 4.75E-05 0.000810307 0.000590292 0.000476606 283.262
0.000425793 0.000400848 4.12E-05 0.000807939 0.000586076 0.00047607 283.275
0.000426504 0.000400401 3.75E-05 0.000803957 0.000581455 0.000475999 283.288
0.000429791 0.00039965 3.59E-05 0.00079982 0.000577617 0.000476691 283.3
0.000419494 0.000404193 3.05E-05 0.000797219 0.000573435 0.000476221 283.313
0.000423909 0.000402691 1.64E-05 0.000798803 0.000569497 0.000476769 283.325
0.000428842 0.000399589 1.30E-05 0.000795478 0.000565415 0.000476276 283.337
0.000426018 0.000402271 6.41E-06 0.000793008 0.000560777 0.00047726 283.35
0.00043205 0.000399817 1.48E-06 0.000790398 0.000557107 0.000477696 283.363
0.000432071 0.000399658 -1.23E-06 0.000787217 0.000553451 0.000477581 283.375
0.000428503 0.00040175 -5.95E-06 0.000784624 0.000549813 0.000477821 283.387
0.00042606 0.000402653 -9.97E-06 0.000782593 0.000546268 0.000477573 283.4
0.00041985 0.000403532 -2.15E-05 0.000781647 0.000541403 0.000475847 283.413
0.000420726 0.000404528 -3.22E-05 0.000781202 0.000537008 0.000476959 283.425
0.000424541 0.00040081 -4.31E-05 0.000780642 0.000532196 0.000475554 283.438
0.000429905 0.000399819 -4.73E-05 0.000776906 0.000527406 0.000476866 283.45
0.000428923 0.000400584 -5.27E-05 0.000774467 0.000523914 0.000477079 283.462
0.000422472 0.000402363 -6.18E-05 0.000773286 0.000519457 0.000475957 283.475
0.000433644 0.000396331 -6.83E-05 0.000769291 0.0005137 0.000475611 283.488
0.000426667 0.000401812 -7.19E-05 0.000765448 0.000509258 0.000477156 283.5
0.000422063 0.000403574 -8.28E-05 0.000766246 0.000505679 0.000476737 283.512
0.000424334 0.000400953 -9.65E-05 0.000766089 0.000500149 0.000475585 283.525
0.000431709 0.000398914 -0.000104901 0.000763217 0.000494805 0.000476864 283.538
0.000428221 0.000400604 -0.000112335 0.000761487 0.000490532 0.000476822 283.55
0.000437118 0.000396264 -0.000119464 0.000758605 0.000485773 0.000476907 283.563
0.00043481 0.000395864 -0.000125185 0.000754602 0.000480355 0.000475701 283.575
0.000434718 0.000398531 -0.00013168 0.000751294 0.000474912 0.000477734 283.587
0.000433944 0.000399575 -0.000140387 0.00075016 0.000470894 0.000478243 283.6
0.000435522 0.000397749 -0.000150583 0.000749074 0.000466029 0.000477439 283.613
0.000437384 0.000396648 -0.000156748 0.000745107 0.000460614 0.000477307 283.625
0.000436888 0.0003983 -0.000164073 0.000742521 0.000455778 0.000478397 283.637
0.000436327 0.000398206 -0.000172516 0.000740339 0.000450959 0.000478106 283.65
0.000432529 0.000399728 -0.000183537 0.000738836 0.000445555 0.000477813 283.663
0.00043854 0.000396257 -0.000193109 0.000736634 0.00043998 0.000477453 283.675
0.000437932 0.00039771 -0.000200404 0.000732914 0.000434282 0.000478344 283.688
0.000435384 0.000398392 -0.00021253 0.000732332 0.000429106 0.000477884 283.7
0.000440867 0.000395888 -0.00021969 0.000728265 0.000423306 0.000478068 283.712
0.00043502 0.000399569 -0.000231409 0.000726411 0.0004172 0.000478656 283.725
0.000442832 0.000396184 -0.000242347 0.000723943 0.000411112 0.000479061 283.738
0.000446767 0.000395263 -0.000249263 0.000720279 0.000405502 0.000479873 283.75
0.000438443 0.000400263 -0.000257049 0.000717169 0.0004001 0.000480522 283.762
0.000441921 0.000399638 -0.000269265 0.000715982 0.000394426 0.000481386 283.775
0.000439936 0.000401329 -0.000282345 0.000715692 0.000389243 0.000481928 283.788
0.000447323 0.000396917 -0.000291358 0.000713277 0.000383907 0.00048137 283.8
0.000443388 0.000399324 -0.000297661 0.000708616 0.000377851 0.000481711 283.813
0.000439111 0.000400777 -0.000311237 0.000708288 0.000372409 0.00048118 283.825
0.000439783 0.000399452 -0.000326312 0.000707477 0.000365837 0.000480413 283.837
0.000442213 0.000398912 -0.000341025 0.000705657 0.000358536 0.000480937 283.85
0.000451414 0.000394638 -0.000352466 0.000702119 0.000351695 0.000481189 283.863
0.000448372 0.000395879 -0.000361561 0.000697805 0.000344699 0.000480972 283.875
0.000447305 0.000398181 -0.000372272 0.000694262 0.000337692 0.000482344 283.887
0.000444527 0.000400012 -0.000389705 0.000693673 0.000330439 0.000482687 283.9
0.000448418 0.000399883 -0.000407185 0.000692541 0.000323039 0.000484096 283.913
0.000448565 0.000400631 -0.000424968 0.000693511 0.000316676 0.000484734 283.925
0.000470904 0.000389947 -0.000437119 0.000689621 0.000309079 0.00048511 283.938
0.000465382 0.000394534 -0.000442637 0.000683795 0.000302149 0.000486527 283.95
0.000461739 0.000396991 -0.00045442 0.000680917 0.000295808 0.000487019 283.962
0.000460568 0.00039713 -0.000475527 0.000681085 0.000287629 0.000486673 283.975
0.000476833 0.000391452 -0.000488973 0.000677585 0.000279518 0.000488577 283.988
0.000474016 0.000392578 -0.000497818 0.000671898 0.000271891 0.000488358 284
0.000473877 0.00039533 -0.000514091 0.000669973 0.000264166 0.000490438 284.012
0.000479293 0.000392752 -0.000530122 0.000667621 0.000256079 0.000490539 284.025
0.000480394 0.000393205 -0.000545796 0.000663466 0.000246482 0.000491318 284.038
0.00048613 0.000393654 -0.000560818 0.000660466 0.000238389 0.000493891 284.05
0.00048524 0.000395129 -0.00057771 0.000657832 0.00023009 0.00049469 284.063
0.000493569 0.000392484 -0.000592644 0.000654716 0.00022159 0.000495868 284.075
0.000490594 0.000395856 -0.000607369 0.00065151 0.000213634 0.00049733 284.087
0.000492744 0.000394958 -0.000634909 0.000653323 0.000204152 0.000497467 284.1
0.00051147 0.000387035 -0.000650304 0.000646765 0.000193216 0.000498584 284.113
0.000507271 0.000392002 -0.00066035 0.000639442 0.000183909 0.000500808 284.125
0.000508491 0.000391737 -0.000679325 0.000635739 0.000173571 0.000501076 284.137
0.00051259 0.000394799 -0.000701023 0.000632151 0.000162089 0.000505041 284.15
0.000511798 0.000396694 -0.000724561 0.000629014 0.00015097 0.000506204 284.163
0.000521046 0.000396573 -0.000747898 0.000626841 0.000139393 0.000509696 284.175
0.000526977 0.000398465 -0.000769275 0.000623504 0.000129351 0.000513465 284.188
0.000526762 0.000398835 -0.000797304 0.000622729 0.00011781 0.000513668 284.2
0.000543959 0.000395773 -0.000824414 0.000618752 0.000104166 0.000517963 284.212
0.000553035 0.00039683 -0.000845205 0.000611853 9.03E-05 0.000522303 284.225
0.000557631 0.000403678 -0.000873251 0.00060895 7.74E-05 0.000529397 284.238
0.000567951 0.000403504 -0.000900897 0.00060713 6.61E-05 0.000533264 284.25
0.000580456 0.00040243 -0.000929561 0.000604393 5.20E-05 0.000537281 284.262
0.000594139 0.000407123 -0.000961878 0.000600924 3.68E-05 0.000546229 284.275
0.000613081 0.000407229 -0.000991866 0.000598272 2.30E-05 0.000553657 284.288
0.00062406 0.000411679 -0.001027092 0.000596523 8.56E-06 0.000561367 284.3
0.000655616 0.000410936 -0.001063239 0.000596163 -6.09E-06 0.00057303 284.313
0.000673771 0.000413869 -0.001093045 0.000593842 -1.95E-05 0.000582346 284.325
0.000703101 0.000416376 -0.00112688 0.00059436 -3.25E-05 0.000595665 284.337
0.000749137 0.000409676 -0.001155991 0.000591836 -4.50E-05 0.000608323 284.35
0.000778682 0.000413349 -0.001180283 0.00058728 -5.89E-05 0.000622631 284.363
0.000808243 0.000420332 -0.001207544 0.000586925 -6.99E-05 0.000639512 284.375
0.000848757 0.000421312 -0.001236936 0.000591013 -7.76E-05 0.000655986 284.387
0.000906197 0.000413703 -0.001260905 0.000594061 -8.46E-05 0.000672361 284.4
0.000956331 0.000408891 -0.001266437 0.000586846 -9.22E-05 0.000688073 284.413
0.000991324 0.00041327 -0.001278588 0.000585284 -9.94E-05 0.000705041 284.425
0.001060631 0.000406812 -0.001281898 0.000583874 -0.000100069 0.000726912 284.438
0.0010944 0.000403676 -0.00127491 0.000579938 -0.000100463 0.000737576 284.45
0.001140225 0.000401423 -0.001262941 0.000574068 -0.000101384 0.000753601 284.462
0.001171557 0.000400391 -0.001249123 0.000567431 -9.99E-05 0.000764952 284.475
0.001193025 0.000402969 -0.001237853 0.000561243 -0.000100921 0.000775278 284.488
0.001216925 0.000404382 -0.001236366 0.000557851 -0.000102849 0.000785643 284.5
0.001245652 0.000404747 -0.001229547 0.000554051 -0.000103387 0.000797068 284.512
0.001266843 0.00040706 -0.001221973 0.000550894 -0.000102573 0.000807081 284.525
0.00129429 0.000403641 -0.001214147 0.00054688 -0.00010238 0.000815074 284.538
0.001310391 0.000403358 -0.001205811 0.000540602 -0.000103785 0.0008211 284.55
0.001323471 0.000405564 -0.001199924 0.000533494 -0.000107758 0.000827884 284.563
0.001337791 0.000410356 -0.001198167 0.000528809 -0.00011079 0.000837155 284.575
0.001351719 0.00041197 -0.001193522 0.000524324 -0.000112149 0.000843808 284.587
0.001355377 0.000416193 -0.001197158 0.000519831 -0.00011709 0.000848502 284.6
0.001371647 0.000419654 -0.001208191 0.000515768 -0.000124628 0.000857498 284.613
0.001386502 0.00042515 -0.001213239 0.000512825 -0.000128633 0.000867522 284.625
0.001395369 0.000428727 -0.001222318 0.000510898 -0.000133064 0.000873736 284.637
0.001406219 0.000434352 -0.001238449 0.000510133 -0.000140656 0.000882306 284.65
0.001420843 0.000440182 -0.001262353 0.000511601 -0.000148365 0.000892501 284.663
0.00144398 0.000440559 -0.001289229 0.000514196 -0.000157148 0.000901767 284.675
0.001491767 0.000437372 -0.001312375 0.000514199 -0.000166431 0.000917828 284.688
0.001528872 0.000437911 -0.001314727 0.000509508 -0.000170848 0.000932637 284.7
0.001546265 0.000445033 -0.001327825 0.000509912 -0.000175139 0.000944908 284.712
0.001595989 0.00043824 -0.001342985 0.000508619 -0.000182292 0.000958923 284.725
0.001623831 0.000448156 -0.00135663 0.000507004 -0.000189862 0.000977413 284.738
0.001660985 0.000455889 -0.001373403 0.000511667 -0.000192857 0.000997821 284.75
0.001726949 0.000446824 -0.001384982 0.000517626 -0.000191883 0.001016373 284.762
0.001777506 0.000444666 -0.001380296 0.000517585 -0.000189896 0.001034307 284.775
0.001832672 0.000439886 -0.001377344 0.000519687 -0.000187374 0.001051995 284.788
0.001879658 0.000437011 -0.001363183 0.000516324 -0.000184307 0.001067988 284.8
0.001936185 0.000432345 -0.001354109 0.000520456 -0.000177394 0.001086292 284.813
0.001999999 0.000415001 -0.001317076 0.000511387 -0.000170317 0.001097588 284.825
0.002017582 0.000421798 -0.001283256 0.000503042 -0.000163164 0.00110968 284.837
0.002038576 0.000421257 -0.001253357 0.000495284 -0.00015706 0.001117403 284.85
0.002062981 0.000422683 -0.001235391 0.000492483 -0.000153973 0.001127974 284.863
0.002070054 0.000433791 -0.001230544 0.00049681 -0.000147546 0.001139333 284.875
0.002133261 0.000408787 -0.001214034 0.000496427 -0.00014191 0.001144453 284.887
0.002149025 0.000410536 -0.00116672 0.000475309 -0.00013941 0.001151923 284.9
0.002156999 0.000418482 -0.001150566 0.000472909 -0.000135364 0.001161179 284.913
0.002173541 0.000417071 -0.001133022 0.000468555 -0.000131468 0.001166501 284.925
0.002199656 0.000411141 -0.001112432 0.000461242 -0.000129479 0.001172029 284.938
0.002185452 0.000425455 -0.001099081 0.000455938 -0.000128304 0.001177624 284.95
0.002210494 0.000418871 -0.001089323 0.000451176 -0.000128045 0.001182228 284.962
0.002217383 0.000422311 -0.00107767 0.000443538 -0.000129627 0.001187569 284.975
0.002209581 0.00043409 -0.001078647 0.00044018 -0.000132655 0.00119368 284.988
0.002229918 0.000432126 -0.001093185 0.000442051 -0.000136861 0.001200044 285
0.002248776 0.000433304 -0.001093293 0.000435836 -0.000141653 0.001208272 285.012
0.002270084 0.000434147 -0.001097863 0.000430224 -0.000147326 0.001217189 285.025
0.002267517 0.000448039 -0.001110586 0.000426157 -0.000155852 0.001226969 285.038
0.002298236 0.00045062 -0.001134139 0.000427233 -0.000164763 0.001240886 285.05
0.002323382 0.000459723 -0.001163023 0.000430945 -0.000172869 0.001257699 285.063
0.002379839 0.000453786 -0.001181336 0.00043085 -0.000180113 0.001274991 285.075
0.002407022 0.000464393 -0.001201502 0.000429264 -0.00018897 0.001293761 285.087
0.002473255 0.000469324 -0.001245517 0.000442332 -0.000195554 0.001323273 285.1
0.002573715 0.000454353 -0.001246303 0.000442233 -0.000197148 0.001350623 285.113
0.002618856 0.000468693 -0.001244404 0.000440492 -0.000196235 0.001379254 285.125
0.002679325 0.000471937 -0.00125795 0.000450236 -0.000195523 0.001405223 285.137
0.002783684 0.000471555 -0.001271892 0.000466603 -0.000189354 0.001445401 285.15
0.002913906 0.000448203 -0.001256254 0.00047571 -0.000174181 0.001477792 285.163
0.003032186 0.000427802 -0.00121026 0.000474154 -0.000158228 0.001507841 285.175
0.00312334 0.000419467 -0.001139898 0.0004626 -0.000139077 0.001536729 285.188
0.003204461 0.000416065 -0.001076114 0.000457162 -0.000119299 0.001565553 285.2
0.003270497 0.000418003 -0.001013164 0.000456996 -9.51E-05 0.001592667 285.212
0.00337093 0.00040351 -0.000937772 0.000459559 -6.43E-05 0.001620377 285.225
0.003466975 0.000385191 -0.000836213 0.00045351 -2.78E-05 0.001643417 285.238
0.003514691 0.000378014 -0.000734613 0.000445157 5.07E-06 0.001656357 285.25
0.003574768 0.000366037 -0.000632532 0.000436464 3.72E-05 0.001670367 285.262
0.003639042 0.00034818 -0.000503588 0.000418374 7.36E-05 0.001681443 285.275
0.00366271 0.000348182 -0.000356923 0.00039373 0.000111174 0.001690625 285.288
0.003653616 0.000358605 -0.000239491 0.000381534 0.000147745 0.001695182 285.3
0.003658146 0.000356659 -0.000125518 0.000374644 0.000185932 0.00169543 285.313
0.003649259 0.000356997 -1.81E-05 0.000364863 0.000220667 0.001692246 285.325
0.003634458 0.00035806 8.75E-05 0.000355214 0.000253367 0.00168733 285.337
0.003628663 0.000353626 0.000202267 0.000344629 0.000290119 0.001681642 285.35
0.003570097 0.000364123 0.000309531 0.000335611 0.000325845 0.001667071 285.363
0.003557607 0.000354833 0.000395816 0.000329897 0.000353936 0.001655021 285.375
0.003537297 0.000350682 0.000514018 0.000311681 0.000385355 0.001643924 285.387
0.00346177 0.000356648 0.000634751 0.000292199 0.000416987 0.001619259 285.4
0.003374817 0.000373813 0.00072445 0.00027662 0.000439717 0.001598849 285.413
0.003290949 0.000395759 0.000782973 0.000278186 0.000463025 0.001583345 285.425
0.003233857 0.000395396 0.000842602 0.000282916 0.000490478 0.001560921 285.438
0.003184461 0.000389662 0.000906476 0.000281935 0.000515625 0.001537316 285.45
0.003114704 0.000382554 0.00097738 0.000273057 0.000536859 0.001504748 285.462
0.003009695 0.000388603 0.001043602 0.000256453 0.000549174 0.001468713 285.475
0.002899701 0.00040338 0.00106716 0.00025152 0.000552403 0.001437515 285.488
0.002842722 0.000408795 0.001080858 0.0002501 0.000557979 0.001419617 285.5
0.002771338 0.000416109 0.001108264 0.000252918 0.000570667 0.001397604 285.512
0.002706917 0.000404569 0.001133152 0.000249358 0.000579182 0.001363667 285.525
0.002628372 0.000407785 0.001160504 0.00024084 0.00058127 0.001335699 285.538
0.002542924 0.00041616 0.001171903 0.000235339 0.000582513 0.001309056 285.55
0.002464963 0.000420093 0.001170476 0.000234262 0.000579216 0.00128187 285.563
0.002430697 0.000415336 0.001186129 0.000232308 0.000583488 0.001264891 285.575
0.002326491 0.000415938 0.001202607 0.000220998 0.000582332 0.001224942 285.587
0.002245963 0.000427222 0.001170208 0.000219484 0.000569762 0.001202463 285.6
0.00218878 0.000423605 0.001153834 0.000218764 0.000561861 0.001177479 285.613
0.002130711 0.000423937 0.001135951 0.000214807 0.000551816 0.001155215 285.625
0.002080771 0.000423508 0.001120205 0.000209032 0.000541886 0.001135514 285.637
0.002010057 0.000427511 0.001093686 0.000205228 0.000528764 0.001111193 285.65
0.001952878 0.00043067 0.001051979 0.000204103 0.000510812 0.001091467 285.663
0.001935089 0.00042279 0.001020973 0.000199816 0.00049493 0.001078456 285.675
0.001897169 0.000425804 0.00099117 0.000196485 0.000481699 0.001066086 285.688
0.001882508 0.000413466 0.000975947 0.000188922 0.000469822 0.00105083 285.7
0.001830913 0.000420394 0.000961738 0.000175058 0.000453432 0.001036193 285.712
0.001786775 0.000429452 0.000925733 0.000170654 0.000435551 0.001026101 285.725
0.001766165 0.000427432 0.000889304 0.000167891 0.000419294 0.001016541 285.738
0.001751109 0.000425687 0.000863248 0.000162747 0.000405462 0.001009347 285.75
0.001728254 0.000425972 0.000839476 0.000157114 0.000392008 0.001000705 285.762
0.001707095 0.000426036 0.000815749 0.000149124 0.000376782 0.000992548 285.775
0.001682328 0.000427695 0.000787501 0.000143555 0.000361256 0.000984229 285.788
0.00166566 0.00042717 0.000758062 0.000137421 0.000344999 0.000977358 285.8
0.001662014 0.000424757 0.00073232 0.000129352 0.000328863 0.000974072 285.813
0.001635486 0.000432402 0.000711901 0.00012214 0.00031534 0.000969713 285.825
0.001638765 0.000426375 0.000689027 0.000116078 0.000302048 0.00096631 285.837
0.001617009 0.000430887 0.000665873 0.000108477 0.000286886 0.000961372 285.85
0.00161791 0.000427865 0.000648899 9.82E-05 0.000272478 0.000959377 285.863
0.00159175 0.000435232 0.000628819 9.01E-05 0.000258181 0.000954946 285.875
0.00158423 0.000438773 0.000599595 8.62E-05 0.000244276 0.000954776 285.887
0.001582399 0.000437573 0.000576414 8.08E-05 0.000230971 0.000953135 285.9
0.001565129 0.00044122 0.000513733 5.76E-05 0.000188302 0.000949266 285.94
0.001561272 0.000443425 0.000459675 3.21E-05 0.000147845 0.00094948 285.98
0.001548569 0.000450657 0.000411237 4.99E-06 0.000108178 0.000950163 286.02
0.001543907 0.000457668 0.000362163 -2.25E-05 6.77E-05 0.000953793 286.06
0.001539591 0.000468316 0.000313835 -4.89E-05 2.83E-05 0.000960379 286.1
0.001547342 0.000474859 0.000270736 -7.63E-05 -9.40E-06 0.00096846 286.14
0.001542704 0.000486644 0.000226763 -0.00010428 -4.81E-05 0.000975803 286.18
0.001557183 0.000494438 0.000179342 -0.000131332 -8.77E-05 0.000987465 286.22
0.001580828 0.000498181 0.000146722 -0.000165625 -0.00012675 0.000999538 286.26
0.001587215 0.000513668 0.000119652 -0.000203656 -0.000166874 0.001014028 286.3
0.001599567 0.000529598 8.72E-05 -0.000238471 -0.000206448 0.001031175 286.34
0.001615321 0.000544154 5.87E-05 -0.000274863 -0.000245441 0.001048576 286.38
0.00162742 0.000559958 3.16E-05 -0.000315317 -0.000287322 0.001065528 286.42
0.001644314 0.000579828 4.86E-06 -0.000359137 -0.000331844 0.001087492 286.46
0.001658959 0.00060421 -1.87E-05 -0.000404771 -0.00037629 0.001112085 286.5
0.001680358 0.000627379 -3.48E-05 -0.000456424 -0.000422491 0.001138357 286.54
0.001678434 0.000667067 -5.03E-05 -0.00051116 -0.00047082 0.001168395 286.58
0.001682482 0.000706428 -7.01E-05 -0.000569135 -0.000523388 0.001200496 286.62
0.001662403 0.000770106 -0.000108597 -0.000623913 -0.000581163 0.001242103 286.66
0.001684091 0.000827851 -0.000147519 -0.000676719 -0.000637299 0.001295306 286.7
0.001663153 0.000912489 -0.00018893 -0.000726739 -0.000691957 0.001352838 286.74
0.001658832 0.001003103 -0.000265177 -0.000760008 -0.000747753 0.00142145 286.78
0.001693756 0.00109057 -0.000346407 -0.000786723 -0.000800365 0.00150284 286.82
0.001736131 0.001192207 -0.000416946 -0.000808159 -0.000844656 0.001598114 286.86
0.001779984 0.001305354 -0.000493986 -0.000810562 -0.000876393 0.001702887 286.9
0.001857541 0.001409627 -0.00056694 -0.000799406 -0.000896494 0.00181385 286.94
0.00192564 0.001530735 -0.000641669 -0.000767489 -0.000900672 0.001934202 286.98
0.002050845 0.001620807 -0.000707132 -0.000722058 -0.000891142 0.002052629 287.02
0.002176841 0.001727129 -0.000736554 -0.000666366 -0.000859523 0.002183967 287.06
0.002299088 0.001814164 -0.000746689 -0.000587866 -0.000801921 0.00229889 287.1
0.002430948 0.001880374 -0.000729319 -0.000505874 -0.000731869 0.002401389 287.14
0.002521407 0.001952703 -0.000700902 -0.000408939 -0.000643769 0.002492577 287.18
0.002622287 0.001980233 -0.000675956 -0.000303938 -0.000552829 0.002553057 287.22
0.002717074 0.002002897 -0.000645419 -0.000203634 -0.000463196 0.002607399 287.26
0.002823811 0.001996993 -0.000598562 -0.000106713 -0.000368488 0.002644216 287.3
0.00290906 0.001975503 -0.000528986 -3.12E-05 -0.000283519 0.00266061 287.34
0.002942864 0.001974537 -0.000485451 4.54E-05 -0.000206676 0.002672971 287.38
0.003040341 0.001929384 -0.000451354 0.000117963 -0.000137348 0.002675752 287.42
0.003112462 0.001891206 -0.000398009 0.000165873 -7.96E-05 0.00267411 287.46
0.00319894 0.00185398 -0.000341454 0.00020497 -2.78E-05 0.002678774 287.5
0.003274453 0.001817454 -0.000276769 0.0002361 2.15E-05 0.002679728 287.54
0.003366536 0.001780386 -0.00019861 0.000258787 6.88E-05 0.002686689 287.58
0.003439616 0.001748256 -0.000102174 0.000275263 0.000119494 0.00269011 287.62
0.003507116 0.001714653 3.97E-06 0.000286709 0.000169168 0.002690224 287.66
0.003564486 0.001678663 0.000129321 0.000283463 0.00021534 0.002684557 287.7
0.003581617 0.001668046 0.000258507 0.000275791 0.000259198 0.002682966 287.74
0.003576832 0.001661635 0.000361136 0.000280909 0.000303729 0.002676137 287.78
0.003615158 0.00163373 0.000474435 0.000276588 0.000343849 0.002669357 287.82
0.003589875 0.001640503 0.000597211 0.000267589 0.000384352 0.002664805 287.86
0.003576101 0.001640472 0.000694052 0.000276661 0.000428658 0.002659438 287.9
0.003578061 0.001623263 0.000810245 0.000279088 0.000476315 0.00264685 287.94
0.003529177 0.00162046 0.00093607 0.000272693 0.000520592 0.002625717 287.98
0.003452691 0.001627764 0.001023824 0.00027873 0.00055914 0.002601718 288.02
0.003419827 0.001609726 0.001104012 0.000282479 0.000593042 0.00257498 288.06
0.003363714 0.001603171 0.001209034 0.000270714 0.000624947 0.002548133 288.1
0.003248349 0.001615214 0.001286945 0.000264117 0.000650194 0.002512731 288.14
0.003157467 0.001622751 0.001326011 0.000268083 0.00066805 0.002483329 288.18
0.003071023 0.001626029 0.001348885 0.000276873 0.000684106 0.002452346 288.22
0.003004294 0.00161724 0.001366447 0.000278534 0.000691975 0.002419648 288.26
0.00292775 0.001623784 0.001374946 0.000277901 0.00069441 0.002395037 288.3
0.002873175 0.001624172 0.001373032 0.000282873 0.000697851 0.002374172 288.34
0.00283017 0.001617241 0.00138212 0.000279097 0.000698137 0.002352117 288.38
0.002757701 0.00163446 0.001377857 0.000279958 0.000697176 0.002337366 288.42
0.002724803 0.001632296 0.001360285 0.000290329 0.000698697 0.002322929 288.46
0.002687493 0.001629968 0.00134667 0.000295051 0.000696936 0.002306653 288.5
0.002677015 0.001622698 0.001339925 0.000293995 0.000692929 0.00229695 288.54
0.00265371 0.001627444 0.001347394 0.000292518 0.000694841 0.002291593 288.58
0.002622854 0.001623111 0.001354753 0.000289237 0.000695486 0.002276264 288.62
0.002582326 0.001634987 0.001348417 0.000288301 0.000692376 0.002269758 288.66
0.002565065 0.001634037 0.00133516 0.000293512 0.00069127 0.002262326 288.7
0.002558261 0.001630069 0.001337982 0.000291137 0.000690612 0.002256609 288.74
0.002529422 0.001635135 0.001347612 0.000284872 0.000689624 0.002249354 288.78
0.002489813 0.001648456 0.00133397 0.000288483 0.00068659 0.002244325 288.82
0.002495001 0.001644144 0.001324737 0.000293789 0.000687044 0.002242993 288.86
0.002473235 0.001645002 0.00132971 0.000293196 0.000689797 0.002235216 288.9
0.002459876 0.001641053 0.00133247 0.000287015 0.000684671 0.002226972 288.94
0.002429294 0.001655428 0.001329081 0.000282608 0.000680607 0.002226261 288.98
0.002417415 0.001662609 0.001317616 0.000289199 0.000680889 0.002227225 289.02
0.002409702 0.001658499 0.001312936 0.000292552 0.00068259 0.002221045 289.06
0.002406335 0.001654387 0.001320073 0.000284568 0.000678364 0.002216549 289.1
0.002371864 0.001672233 0.001317596 0.000282558 0.000676114 0.002217023 289.14
0.002375709 0.00166874 0.001314745 0.000284477 0.000676525 0.002215805 289.18
0.002346225 0.001677461 0.001313657 0.000283571 0.000675493 0.002211135 289.22
0.002346981 0.001675043 0.001312111 0.000281392 0.000673252 0.002209552 289.26
0.002315924 0.00168626 0.001313046 0.000278126 0.000671423 0.002206208 289.3
0.002295324 0.00169233 0.001293446 0.000282069 0.000666481 0.002202926 289.34
0.002306351 0.001688085 0.001285189 0.000280494 0.00066228 0.00220391 289.38
0.002288873 0.001696247 0.001286796 0.000276071 0.000659458 0.002203463 289.42
0.002283091 0.001697624 0.001283442 0.000272358 0.00065548 0.002202289 289.46
0.002265218 0.001708642 0.001281214 0.000268375 0.000651393 0.002203903 289.5
0.002220949 0.001730457 0.00124253 0.000270594 0.000638802 0.002203655 289.625
0.002229877 0.001732952 0.001205112 0.000264834 0.00061953 0.002209053 289.75
0.002230873 0.001746653 0.001192192 0.000238704 0.00059444 0.002220067 289.875
0.002217966 0.001793647 0.001173314 0.000219823 0.000570985 0.002251513 290
0.002220295 0.001831636 0.001143649 0.000217411 0.000558491 0.002281885 290.125
0.002235772 0.001865894 0.001111172 0.000216401 0.000545071 0.00231446 290.25
0.00228184 0.001897948 0.001091798 0.00021248 0.000533905 0.002357191 290.375
0.002331379 0.00193607 0.001105919 0.000204299 0.000533185 0.002405974 290.5
0.002348472 0.001986641 0.001136949 0.000198149 0.000540835 0.002451831 290.625
0.00233172 0.00205265 0.001132608 0.000214835 0.000552281 0.002496536 290.75
0.002392932 0.002078439 0.001127561 0.000235241 0.000566192 0.00254028 290.875
0.002436314 0.002115702 0.001169226 0.000235544 0.000582335 0.00258601 291
0.002438856 0.002178098 0.001211596 0.000243476 0.000604596 0.002635395 291.125
0.002445058 0.002237687 0.001237677 0.000273174 0.000638448 0.002684022 291.25
0.002462453 0.002275937 0.001268101 0.000306831 0.000676865 0.002720439 291.375
0.002470948 0.002313349 0.001311197 0.000330491 0.000711735 0.002752753 291.5
0.002453056 0.002366792 0.001344471 0.000359312 0.000746747 0.002787269 291.625
0.002451572 0.002410724 0.001363378 0.000400065 0.000785928 0.00282077 291.75
0.002461538 0.002444267 0.001392822 0.00043755 0.000826266 0.002850654 291.875
0.002459008 0.002487284 0.001436746 0.000472534 0.00087029 0.00288304 292
0.002423273 0.002539814 0.001462861 0.000524539 0.000921451 0.002909928 292.125
0.002423219 0.00256267 0.00148125 0.000580679 0.000972243 0.002927635 292.25
0.002397861 0.002595629 0.001502347 0.000631298 0.001019333 0.002943366 292.375
0.002381735 0.002626988 0.001506259 0.000692746 0.001068401 0.002961436 292.5
0.002385759 0.002642146 0.001512778 0.000758046 0.001121873 0.002974754 292.625
0.00238713 0.002651489 0.00152888 0.000819896 0.001176319 0.002982534 292.75
0.002386158 0.00265564 0.00154652 0.000879662 0.001229294 0.002985377 292.875
0.002387981 0.002655871 0.001566633 0.000937826 0.001282338 0.002986263 293
0.002388034 0.002650843 0.001592831 0.000994301 0.001335214 0.002982384 293.125
0.0023693 0.002631602 0.001636141 0.001083799 0.001422843 0.002960192 293.35
0.002345254 0.002606068 0.001699607 0.00121649 0.001548216 0.00293106 293.7
0.002293139 0.002545723 0.001756124 0.001352361 0.001680065 0.00286404 294.05
0.002246418 0.002417024 0.001805782 0.001432045 0.001763704 0.00274609 294.4
0.002145677 0.002347992 0.001808311 0.001462061 0.001784333 0.002653472 294.75
0.002144883 0.002275339 0.0017866 0.001478432 0.001787176 0.002596809 295.1
0.002136504 0.002239163 0.001794445 0.001481562 0.001792265 0.002565497 295.45
0.002139072 0.002216177 0.001809419 0.001494147 0.001808383 0.002548664 295.8
0.002149345 0.002192418 0.001844916 0.001512968 0.001837005 0.002534219 296.15
0.002140397 0.002163204 0.001899162 0.001527168 0.001870351 0.002508087 296.5
0.002107921 0.00214315 0.001955502 0.001536715 0.001899904 0.002479937 296.85
0.002053757 0.002122433 0.001996723 0.001544529 0.001923004 0.00244286 297.2
0.002004224 0.002102732 0.002022267 0.001541349 0.001928856 0.002408367 297.55
0.001954031 0.002106859 0.002042299 0.001534547 0.001930751 0.002392102 297.9
0.001896474 0.002125959 0.002050341 0.001544286 0.001942216 0.002384594 298.25
0.001848759 0.002132676 0.002044187 0.001565163 0.001956383 0.002371299 298.6
0.001817245 0.002138691 0.002040988 0.00158419 0.001969955 0.002363742 298.95
0.001768916 0.002154798 0.002032296 0.001612242 0.001988304 0.002357492 299.3
0.001741942 0.002153383 0.002015522 0.001645624 0.002008572 0.002345933 299.65
0.001711351 0.002155457 0.001997712 0.001676918 0.002025746 0.002335677 300
0.001695096 0.002152925 0.001976034 0.001711124 0.002044064 0.002327409 300.35
0.001686432 0.002145763 0.00195914 0.001743881 0.002062989 0.002318493 300.7
0.00168123 0.002139437 0.001947419 0.001775033 0.002082453 0.002311568 301.05
0.001677111 0.002134649 0.001939096 0.001809707 0.002105927 0.002306257 301.4
0.00167663 0.002121619 0.001935011 0.001845904 0.002133307 0.002295963 301.75
0.00167504 0.002106648 0.001936481 0.001879717 0.002160197 0.002283734 302.1
0.001669555 0.002089264 0.001939231 0.001912202 0.002186607 0.002268122 302.45
0.001670895 0.002068892 0.001951384 0.001940422 0.002213229 0.002252839 302.8
0.001644346 0.002056633 0.001962475 0.001969564 0.00224047 0.002233034 303.15
0.00162165 0.002040617 0.001956002 0.002006192 0.002266422 0.002211808 303.5
0.001613211 0.002013569 0.00194608 0.00204403 0.00229218 0.002187555 303.85
0.001609624 0.001979058 0.001942299 0.002076153 0.002315964 0.002159394 304.2
0.001604641 0.001941901 0.00194579 0.002099233 0.002335136 0.002128639 304.55
0.001585024 0.001914957 0.0019437 0.002123282 0.002353153 0.002100131 304.9
0.001577624 0.001873665 0.001931887 0.002148281 0.002368252 0.002065231 305.25
0.001583074 0.001830235 0.001928019 0.00216413 0.002379122 0.002033658 305.6
0.001578392 0.001787476 0.001930313 0.002172355 0.002386523 0.001998674 305.95
0.001575819 0.001749166 0.001932767 0.002175659 0.002390039 0.001967961 306.3
0.001566062 0.001713996 0.001931613 0.002178425 0.002391933 0.001936896 306.65
0.001571645 0.001673558 0.001934418 0.002175598 0.002390892 0.001907694 307
0.00156004 0.001643956 0.00194049 0.002168559 0.002387954 0.001880231 307.35
0.00155456 0.001613345 0.001940518 0.002161383 0.002382346 0.001854362 307.7
0.001552348 0.001586977 0.001943911 0.002151258 0.00237574 0.00183305 308.05
0.00154591 0.001565913 0.001950302 0.002142071 0.002371408 0.001814214 308.4
0.001534415 0.001544605 0.001953213 0.002134059 0.00236644 0.001793228 308.75
0.001527675 0.001525746 0.001952396 0.002126831 0.002360489 0.001775985 309.1
0.001526355 0.001504604 0.001955389 0.002119842 0.002356564 0.001759074 309.45
0.001521243 0.001482025 0.001965192 0.002107708 0.002351228 0.001739578 309.8
0.001501274 0.00147 0.001967604 0.002095434 0.002342451 0.001722505 310.15
0.001498746 0.001454536 0.001966555 0.002084923 0.002333861 0.00170953 310.5
0.001488396 0.001445387 0.001969972 0.002075669 0.002328283 0.001698419 310.85
0.001479449 0.001431526 0.001970707 0.002067961 0.00232288 0.001684197 311.2
0.001473387 0.001419145 0.001975149 0.002056479 0.002315625 0.001672242 311.55
0.001452862 0.00141608 0.001972426 0.002049758 0.002309532 0.001661904 311.9
0.001454759 0.001400791 0.001967663 0.002044479 0.002303823 0.001650781 312.25
0.00144927 0.001390209 0.001973259 0.002032775 0.002296785 0.001640443 312.6
0.001435632 0.001387323 0.001976297 0.002023719 0.002291114 0.001632916 312.95
0.001422976 0.001381733 0.001972338 0.002019439 0.002286476 0.001623671 313.3
0.001420193 0.001372539 0.001969894 0.0020144 0.002281729 0.00161546 313.65
0.001412843 0.001364387 0.001972981 0.002006676 0.00227721 0.001606286 314
0.001398467 0.001359858 0.001972253 0.001998896 0.002270757 0.001597197 314.35
0.00138919 0.001356867 0.001966187 0.001993555 0.002264245 0.001591279 314.7
0.001385878 0.001352836 0.001962288 0.001990426 0.002260397 0.001586868 315.05
0.001381145 0.001346364 0.001963088 0.001986945 0.002258484 0.001580012 315.4
0.001370262 0.001340922 0.001963733 0.001981947 0.00225514 0.00157157 315.75
0.001354915 0.001338455 0.001953975 0.00197887 0.002248366 0.001563705 316.1
0.001362753 0.001331614 0.001947251 0.001976241 0.002244042 0.001561438 316.45
0.00135824 0.001327114 0.001950861 0.001972179 0.002242705 0.001556197 316.8
0.001348917 0.001323368 0.001949975 0.001969279 0.002240155 0.001549675 317.15
0.001343876 0.001319236 0.001945239 0.001968189 0.00223755 0.001544515 317.5
0.001346886 0.00131009 0.001948669 0.001963953 0.002235845 0.001538588 317.85
0.001328318 0.001310409 0.001949074 0.001960107 0.002233005 0.001531634 318.2
0.001326098 0.001305132 0.001942404 0.001959758 0.002230258 0.00152668 318.55
0.001322744 0.001299447 0.001942515 0.001957715 0.002229077 0.001520969 318.9
0.001310876 0.001294488 0.001938614 0.001955105 0.002225062 0.00151252 319.25
0.001311111 0.001290121 0.001933202 0.001953147 0.002221731 0.001509224 319.6
0.001307266 0.001282935 0.00193272 0.001949936 0.002219888 0.001502158 320
0.00128261 0.001267231 0.001921914 0.001938605 0.002205968 0.001480414 321.5
0.001272235 0.001253592 0.001908851 0.001933195 0.002197493 0.001465811 323
0.001263789 0.001236441 0.001902947 0.001932412 0.002195217 0.001449232 324.5
0.001254513 0.001211729 0.00190214 0.001928929 0.002193161 0.001426465 326
0.001240693 0.001191831 0.001901862 0.001922498 0.00218821 0.001405671 327.5
0.00123242 0.001169814 0.00190518 0.001915618 0.002184662 0.001385384 329
0.001214278 0.001149586 0.001911692 0.00190622 0.002180308 0.001362657 330.5
0.00119462 0.001133217 0.001914974 0.001897972 0.002175493 0.001342336 332
0.001176983 0.001113351 0.001920378 0.001889594 0.002171698 0.001320086 333.5
0.001149683 0.001096433 0.001926307 0.001878841 0.002166093 0.001296375 335
0.00111717 0.001083006 0.001924226 0.001869616 0.00215844 0.00127335 336.5
0.001089946 0.001068208 0.001916452 0.001861996 0.002149911 0.001251313 338
0.001062815 0.001053828 0.001905695 0.001854519 0.002140215 0.001229636 339.5
0.001041176 0.001039465 0.001893383 0.001847791 0.002130577 0.001210103 341
0.001019816 0.001023807 0.001882188 0.001840949 0.002121449 0.001189673 342.5
0.00099563 0.001008773 0.001866972 0.001834223 0.002110762 0.001168631 344
0.000980018 0.000990677 0.001849482 0.001825811 0.002097695 0.00114854 345.5
0.000964864 0.000975984 0.001832438 0.001815633 0.002083439 0.001131265 347
0.000956794 0.000961053 0.001816948 0.001804896 0.002069084 0.001116553 348.5
0.000949961 0.000949961 0.001807666 0.001794863 0.002057955 0.001105299 350
0.000930324 0.000930324 0.001795327 0.001781452 0.002044038 0.001082452 352.319
0.000884464 0.000884464 0.001760128 0.001747881 0.00200534 0.001029093 358.017
0.000840863 0.000840863 0.001724608 0.001714013 0.001966444 0.000978362 363.808
0.000799419 0.000799419 0.001689181 0.001679945 0.001927362 0.00093014 369.692
0.000760017 0.000760017 0.001654311 0.001646185 0.001888777 0.000884295 375.672
0.00072111 0.00072111 0.001619608 0.001612403 0.001850267 0.000839027 381.748
0.000683275 0.000683275 0.001584126 0.001577701 0.001810595 0.000795005 387.922
0.000647285 0.000647285 0.001548036 0.001542278 0.001770076 0.00075313 394.197
0.000612905 0.000612905 0.001511674 0.001506491 0.001729154 0.000713128 400.573
0.000580244 0.000580244 0.001475108 0.00147043 0.001687865 0.000675126 407.052
0.000567134 0.000567134 0.001459754 0.001455268 0.001670547 0.000659872 409.8
0.000566191 0.000566191 0.001458645 0.001454172 0.001669297 0.000658776 410
0.000549332 0.000549332 0.001438553 0.001434315 0.001646604 0.00063916 413.635
0.000520064 0.000520064 0.001402171 0.001398323 0.001605388 0.000605105 420.326
0.00049236 0.00049236 0.001366093 0.001362589 0.001564482 0.000572871 427.124
0.000466133 0.000466133 0.001330397 0.001327203 0.001523966 0.000542355 434.032
0.000441304 0.000441304 0.001295167 0.001292248 0.001483938 0.000513467 441.052
0.000417782 0.000417782 0.001260474 0.001257802 0.00144449 0.000486098 448.186
0.000395437 0.000395437 0.001226337 0.00122389 0.001405647 0.000460099 455.435
0.000374236 0.000374236 0.001192748 0.001190501 0.001367395 0.000435431 462.802
0.000354147 0.000354147 0.00115974 0.001157676 0.001329778 0.000412057 470.287
0.000335134 0.000335134 0.001127351 0.001125453 0.001292841 0.000389936 477.894
0.000317135 0.000317135 0.001095668 0.00109392 0.001256706 0.000368993 485.623
0.000299921 0.000299921 0.00106461 0.001062999 0.001221263 0.000348964 493.478
0.000283643 0.000283643 0.001034127 0.001032641 0.001186447 0.000330025 501.459
0.000268249 0.000268249 0.00100428 0.001002908 0.001152347 0.000312113 509.57
0.000253692 0.000253692 0.000975095 0.000973828 0.001118991 0.000295176 517.812
0.000239929 0.000239929 0.000946586 0.000945415 0.001086396 0.000279162 526.187
0.000226915 0.000226915 0.000918759 0.000917674 0.001054565 0.00026402 534.698
0.000215089 0.000215089 0.000892692 0.000891685 0.001024762 0.000250261 543
0.000214812 0.000214812 0.000892074 0.000891069 0.001024057 0.000249938 543.2
0.00021461 0.00021461 0.000891622 0.000890618 0.001023542 0.000249703 543.346
0.000202973 0.000202973 0.000865193 0.000864264 0.000993286 0.000236164 552.134
0.000191895 0.000191895 0.000839439 0.000838578 0.000963813 0.000223274 561.065
0.000181391 0.000181391 0.00081431 0.000813511 0.000935041 0.000211052 570.139
0.000171475 0.000171475 0.000789807 0.000789066 0.000906978 0.000199515 579.361
0.000162107 0.000162107 0.000765951 0.000765263 0.000879652 0.000188615 588.732
0.000153253 0.000153253 0.000742738 0.0007421 0.000853058 0.000178313 598.254
0.000144883 0.000144883 0.00072016 0.000719567 0.000827186 0.000168575 607.93
0.000136971 0.000136971 0.000698209 0.000697657 0.000802027 0.000159369 617.763
0.000129488 0.000129488 0.000676882 0.00067637 0.000777582 0.000150662 627.755
0.000122388 0.000122388 0.000656167 0.00065569 0.000753835 0.0001424 637.908
0.000115638 0.000115638 0.000636023 0.000635579 0.000730739 0.000134547 648.226
0.000109237 0.000109237 0.000616414 0.000616001 0.000708255 0.000127099 658.711
0.00010319 0.00010319 0.000597301 0.000596916 0.000686325 0.000120063 669.365
9.76E-05 9.76E-05 0.000578721 0.000578363 0.000665 0.000113565 680.191
9.24E-05 9.24E-05 0.000560783 0.00056045 0.000644411 0.000107544 691.193
8.76E-05 8.76E-05 0.000543573 0.000543262 0.000624677 0.000101875 702.372
8.27E-05 8.27E-05 0.00052696 0.00052667 0.00060564 9.62E-05 713.733
7.79E-05 7.79E-05 0.000510719 0.000510449 0.000587004 9.06E-05 725.277
7.34E-05 7.34E-05 0.000494841 0.000494589 0.000568774 8.54E-05 737.008
6.92E-05 6.92E-05 0.000479387 0.000479152 0.000551033 8.05E-05 748.928
6.52E-05 6.52E-05 0.000464362 0.000464143 0.000533783 7.58E-05 761.042
6.14E-05 6.14E-05 0.000449768 0.000449564 0.000517027 7.15E-05 773.351
5.79E-05 5.79E-05 0.0004356 0.000435409 0.000500757 6.73E-05 785.859
5.45E-05 5.45E-05 0.00042185 0.000421672 0.000484967 6.35E-05 798.57
5.14E-05 5.14E-05 0.000408513 0.000408347 0.00046965 5.98E-05 811.486
4.84E-05 4.84E-05 0.000395578 0.000395423 0.000454793 5.64E-05 824.611
4.56E-05 4.56E-05 0.000383038 0.000382894 0.00044039 5.31E-05 837.949
4.30E-05 4.30E-05 0.000370885 0.00037075 0.000426429 5.00E-05 851.502
4.05E-05 4.05E-05 0.000359102 0.000358976 0.000412894 4.71E-05 865.274
3.82E-05 3.82E-05 0.000347677 0.000347559 0.000399768 4.44E-05 879.269
3.59E-05 3.59E-05 0.000336599 0.000336489 0.000387039 4.18E-05 893.491
3.38E-05 3.38E-05 0.000325863 0.00032576 0.000374704 3.94E-05 907.943
3.19E-05 3.19E-05 0.000315463 0.000315367 0.000362753 3.71E-05 922.628
3.00E-05 3.00E-05 0.000305386 0.000305296 0.000351174 3.49E-05 937.551
2.83E-05 2.83E-05 0.000295622 0.000295538 0.000339953 3.29E-05 952.715
2.66E-05 2.66E-05 0.000286163 0.000286084 0.000329082 3.10E-05 968.124
2.51E-05 2.51E-05 0.000276999 0.000276926 0.00031855 2.92E-05 983.783
2.36E-05 2.36E-05 0.000268125 0.000268056 0.00030835 2.75E-05 999.695
2.22E-05 2.22E-05 0.000259533 0.000259469 0.000298475 2.59E-05 1015.86
2.09E-05 2.09E-05 0.000251215 0.000251155 0.000288913 2.44E-05 1032.29
1.97E-05 1.97E-05 0.00024316 0.000243104 0.000279655 2.29E-05 1048.99
1.85E-05 1.85E-05 0.000235356 0.000235303 0.000270684 2.16E-05 1065.96
1.74E-05 1.74E-05 0.000227796 0.000227747 0.000261993 2.03E-05 1083.2
1.64E-05 1.64E-05 0.000220475 0.000220429 0.000253576 1.91E-05 1100.72
1.54E-05 1.54E-05 0.000213386 0.000213343 0.000245426 1.80E-05 1118.52
1.45E-05 1.45E-05 0.000206521 0.000206481 0.000237533 1.69E-05 1136.61
1.37E-05 1.37E-05 0.000199872 0.000199835 0.000229889 1.59E-05 1155
1.29E-05 1.29E-05 0.000193438 0.000193403 0.000222491 1.50E-05 1173.68
1.21E-05 1.21E-05 0.000187211 0.000187178 0.000215331 1.41E-05 1192.66
1.14E-05 1.14E-05 0.000181182 0.000181151 0.000208398 1.33E-05 1211.95
1.07E-05 1.07E-05 0.000175347 0.000175319 0.00020169 1.25E-05 1231.55
1.01E-05 1.01E-05 0.0001697 0.000169673 0.000195196 1.17E-05 1251.47
9.48E-06 9.48E-06 0.000164231 0.000164206 0.000188907 1.10E-05 1271.72
8.92E-06 8.92E-06 0.000158938 0.000158915 0.000182821 1.04E-05 1292.29
8.38E-06 8.38E-06 0.000153814 0.000153792 0.000176928 9.75E-06 1313.19
7.88E-06 7.88E-06 0.000148854 0.000148833 0.000171224 9.17E-06 1334.43
7.41E-06 7.41E-06 0.000144053 0.000144033 0.000165702 8.63E-06 1356.01
6.97E-06 6.97E-06 0.000139405 0.000139387 0.000160358 8.11E-06 1377.94
6.55E-06 6.55E-06 0.000134906 0.000134889 0.000155183 7.63E-06 1400.23
6.16E-06 6.16E-06 0.000130552 0.000130536 0.000150175 7.17E-06 1422.88
5.80E-06 5.80E-06 0.000126338 0.000126323 0.000145329 6.74E-06 1445.89
5.45E-06 5.45E-06 0.000122259 0.000122245 0.000140637 6.34E-06 1469.28
5.12E-06 5.12E-06 0.000118312 0.000118299 0.000136098 5.96E-06 1493.04
4.82E-06 4.82E-06 0.000114492 0.000114479 0.000131704 5.61E-06 1517.19
4.53E-06 4.53E-06 0.000110794 0.000110782 0.00012745 5.27E-06 1541.73
4.26E-06 4.26E-06 0.000107214 0.000107203 0.000123333 4.96E-06 1566.67
4.01E-06 4.01E-06 0.00010375 0.00010374 0.000119349 4.66E-06 1592.01
3.77E-06 3.77E-06 0.000100398 0.000100388 0.000115493 4.38E-06 1617.76
3.54E-06 3.54E-06 9.72E-05 9.71E-05 0.000111761 4.12E-06 1643.92
3.33E-06 3.33E-06 9.40E-05 9.40E-05 0.000108149 3.87E-06 1670.51
3.13E-06 3.13E-06 9.10E-05 9.10E-05 0.000104652 3.64E-06 1697.53
2.94E-06 2.94E-06 8.80E-05 8.80E-05 0.000101268 3.43E-06 1724.99
2.77E-06 2.77E-06 8.52E-05 8.52E-05 9.80E-05 3.22E-06 1752.89
2.60E-06 2.60E-06 8.24E-05 8.24E-05 9.48E-05 3.03E-06 1781.24
2.44E-06 2.44E-06 7.98E-05 7.98E-05 9.18E-05 2.84E-06 1810.05
2.30E-06 2.30E-06 7.72E-05 7.72E-05 8.88E-05 2.67E-06 1839.32
2.16E-06 2.16E-06 7.47E-05 7.47E-05 8.59E-05 2.51E-06 1869.07
2.03E-06 2.03E-06 7.22E-05 7.22E-05 8.31E-05 2.36E-06 1899.3
1.90E-06 1.90E-06 6.99E-05 6.99E-05 8.04E-05 2.22E-06 1930.02
1.79E-06 1.79E-06 6.76E-05 6.76E-05 7.78E-05 2.08E-06 1961.24
1.68E-06 1.68E-06 6.54E-05 6.54E-05 7.53E-05 1.96E-06 1992.96
1.58E-06 1.58E-06 6.33E-05 6.33E-05 7.28E-05 1.84E-06 2025.2
1.48E-06 1.48E-06 6.12E-05 6.12E-05 7.04E-05 1.73E-06 2057.95
1.39E-06 1.39E-06 5.92E-05 5.92E-05 6.81E-05 1.62E-06 2091.24
1.31E-06 1.31E-06 5.73E-05 5.73E-05 6.59E-05 1.52E-06 2125.06
1.23E-06 1.23E-06 5.54E-05 5.54E-05 6.37E-05 1.43E-06 2159.43
1.15E-06 1.15E-06 5.36E-05 5.35E-05 6.16E-05 1.34E-06 2194.36
1.08E-06 1.08E-06 5.18E-05 5.18E-05 5.95E-05 1.26E-06 2229.85
1.02E-06 1.02E-06 5.00E-05 5.00E-05 5.75E-05 1.18E-06 2265.92
9.55E-07 9.55E-07 4.83E-05 4.83E-05 5.56E-05 1.11E-06 2302.57
8.96E-07 8.96E-07 4.67E-05 4.67E-05 5.37E-05 1.04E-06 2339.81
8.41E-07 8.41E-07 4.50E-05 4.50E-05 5.18E-05 9.79E-07 2377.66
7.89E-07 7.89E-07 4.33E-05 4.33E-05 4.98E-05 9.18E-07 2416.11
7.41E-07 7.41E-07 4.13E-05 4.13E-05 4.75E-05 8.62E-07 2455.19
7.21E-07 7.21E-07 3.77E-05 3.77E-05 4.35E-05 8.39E-07 2471.9
2.45E-06 2.45E-06 3.77E-05 3.77E-05 4.35E-05 2.85E-06 2472.1
2.37E-06 2.37E-06 4.02E-05 4.02E-05 4.62E-05 2.76E-06 2494.9
2.24E-06 2.24E-06 3.95E-05 3.95E-05 4.54E-05 2.61E-06 2535.26
2.12E-06 2.12E-06 3.85E-05 3.85E-05 4.43E-05 2.46E-06 2576.26
2.00E-06 2.00E-06 3.74E-05 3.74E-05 4.31E-05 2.33E-06 2617.93
1.89E-06 1.89E-06 3.64E-05 3.64E-05 4.18E-05 2.20E-06 2660.27
1.78E-06 1.78E-06 3.53E-05 3.53E-05 4.06E-05 2.07E-06 2703.3
1.68E-06 1.68E-06 3.43E-05 3.43E-05 3.94E-05 1.96E-06 2747.03
1.59E-06 1.59E-06 3.33E-05 3.33E-05 3.83E-05 1.85E-06 2791.46
1.50E-06 1.50E-06 3.23E-05 3.23E-05 3.71E-05 1.74E-06 2836.61
1.41E-06 1.41E-06 3.13E-05 3.13E-05 3.60E-05 1.65E-06 2882.49
1.33E-06 1.33E-06 3.03E-05 3.03E-05 3.49E-05 1.55E-06 2929.11
1.26E-06 1.26E-06 2.94E-05 2.94E-05 3.38E-05 1.46E-06 2976.48
1.19E-06 1.19E-06 2.85E-05 2.85E-05 3.28E-05 1.38E-06 3024.63
1.12E-06 1.12E-06 2.76E-05 2.76E-05 3.18E-05 1.30E-06 3073.55
1.06E-06 1.06E-06 2.68E-05 2.68E-05 3.08E-05 1.23E-06 3123.26
9.95E-07 9.95E-07 2.59E-05 2.59E-05 2.99E-05 1.16E-06 3173.78
9.38E-07 9.38E-07 2.51E-05 2.51E-05 2.89E-05 1.09E-06 3225.11
8.84E-07 8.84E-07 2.44E-05 2.44E-05 2.80E-05 1.03E-06 3277.27
8.33E-07 8.33E-07 2.36E-05 2.36E-05 2.72E-05 9.69E-07 3330.28
7.85E-07 7.85E-07 2.29E-05 2.29E-05 2.63E-05 9.13E-07 3384.15
7.40E-07 7.40E-07 2.21E-05 2.21E-05 2.55E-05 8.61E-07 3438.88
6.97E-07 6.97E-07 2.15E-05 2.15E-05 2.47E-05 8.11E-07 3494.5
6.57E-07 6.57E-07 2.08E-05 2.08E-05 2.39E-05 7.64E-07 3551.02
6.18E-07 6.18E-07 2.01E-05 2.01E-05 2.32E-05 7.20E-07 3608.46
5.83E-07 5.83E-07 1.95E-05 1.95E-05 2.24E-05 6.78E-07 3666.82
5.49E-07 5.49E-07 1.89E-05 1.89E-05 2.17E-05 6.38E-07 3726.13
5.17E-07 5.17E-07 1.83E-05 1.83E-05 2.11E-05 6.01E-07 3786.4
4.86E-07 4.86E-07 1.77E-05 1.77E-05 2.04E-05 5.66E-07 3847.64
4.58E-07 4.58E-07 1.72E-05 1.72E-05 1.97E-05 5.33E-07 3909.87
4.31E-07 4.31E-07 1.66E-05 1.66E-05 1.91E-05 5.02E-07 3973.11
4.06E-07 4.06E-07 1.61E-05 1.61E-05 1.85E-05 4.72E-07 4037.38
3.82E-07 3.82E-07 1.56E-05 1.56E-05 1.79E-05 4.45E-07 4102.68
3.60E-07 3.60E-07 1.51E-05 1.51E-05 1.74E-05 4.18E-07 4169.03
3.39E-07 3.39E-07 1.46E-05 1.46E-05 1.68E-05 3.94E-07 4236.46
3.19E-07 3.19E-07 1.42E-05 1.42E-05 1.63E-05 3.71E-07 4304.98
3.00E-07 3.00E-07 1.37E-05 1.37E-05 1.58E-05 3.49E-07 4374.62
2.82E-07 2.82E-07 1.33E-05 1.33E-05 1.53E-05 3.28E-07 4445.37
2.65E-07 2.65E-07 1.29E-05 1.29E-05 1.48E-05 3.09E-07 4517.27
2.50E-07 2.50E-07 1.25E-05 1.25E-05 1.43E-05 2.91E-07 4590.33
2.35E-07 2.35E-07 1.21E-05 1.21E-05 1.39E-05 2.73E-07 4664.58
2.21E-07 2.21E-07 1.17E-05 1.17E-05 1.34E-05 2.57E-07 4740.03
2.08E-07 2.08E-07 1.13E-05 1.13E-05 1.30E-05 2.42E-07 4816.69
1.95E-07 1.95E-07 1.10E-05 1.10E-05 1.26E-05 2.27E-07 4894.6
1.84E-07 1.84E-07 1.06E-05 1.06E-05 1.22E-05 2.14E-07 4973.77
1.73E-07 1.73E-07 1.03E-05 1.03E-05 1.18E-05 2.01E-07 5054.21
1.63E-07 1.63E-07 9.94E-06 9.94E-06 1.14E-05 1.89E-07 5135.96
1.53E-07 1.53E-07 9.63E-06 9.63E-06 1.11E-05 1.78E-07 5219.03
1.44E-07 1.44E-07 9.32E-06 9.32E-06 1.07E-05 1.67E-07 5303.44
1.35E-07 1.35E-07 9.03E-06 9.03E-06 1.04E-05 1.57E-07 5389.22
1.27E-07 1.27E-07 8.74E-06 8.74E-06 1.01E-05 1.48E-07 5476.39
1.19E-07 1.19E-07 8.47E-06 8.47E-06 9.74E-06 1.39E-07 5564.97
1.12E-07 1.12E-07 8.20E-06 8.20E-06 9.43E-06 1.31E-07 5654.98
1.06E-07 1.06E-07 7.94E-06 7.94E-06 9.13E-06 1.23E-07 5746.44
9.92E-08 9.92E-08 7.69E-06 7.69E-06 8.85E-06 1.15E-07 5839.39
9.33E-08 9.33E-08 7.44E-06 7.44E-06 8.56E-06 1.09E-07 5933.83
8.77E-08 8.77E-08 7.21E-06 7.21E-06 8.29E-06 1.02E-07 6029.81
8.24E-08 8.24E-08 6.98E-06 6.98E-06 8.03E-06 9.58E-08 6127.33
7.74E-08 7.74E-08 6.76E-06 6.76E-06 7.78E-06 9.01E-08 6226.44
7.27E-08 7.27E-08 6.54E-06 6.54E-06 7.53E-06 8.46E-08 6327.15
6.84E-08 6.84E-08 6.34E-06 6.34E-06 7.29E-06 7.95E-08 6429.48
6.42E-08 6.42E-08 6.13E-06 6.13E-06 7.06E-06 7.47E-08 6533.48
6.04E-08 6.04E-08 5.94E-06 5.94E-06 6.84E-06 7.02E-08 6639.15
5.67E-08 5.67E-08 5.75E-06 5.75E-06 6.62E-06 6.60E-08 6746.54
5.33E-08 5.33E-08 5.57E-06 5.57E-06 6.41E-06 6.20E-08 6855.65
5.01E-08 5.01E-08 5.39E-06 5.39E-06 6.21E-06 5.82E-08 6966.54
4.70E-08 4.70E-08 5.22E-06 5.22E-06 6.01E-06 5.47E-08 7079.22
4.42E-08 4.42E-08 5.06E-06 5.06E-06 5.82E-06 5.14E-08 7193.72
4.15E-08 4.15E-08 4.90E-06 4.90E-06 5.63E-06 4.83E-08 7310.07
3.90E-08 3.90E-08 4.74E-06 4.74E-06 5.46E-06 4.53E-08 7428.31
3.66E-08 3.66E-08 4.59E-06 4.59E-06 5.28E-06 4.26E-08 7548.45
3.44E-08 3.44E-08 4.45E-06 4.45E-06 5.12E-06 4.00E-08 7670.54
3.23E-08 3.23E-08 4.30E-06 4.30E-06 4.95E-06 3.76E-08 7794.61
3.03E-08 3.03E-08 4.17E-06 4.17E-06 4.80E-06 3.53E-08 7920.68
2.85E-08 2.85E-08 4.04E-06 4.04E-06 4.64E-06 3.31E-08 8048.79
2.67E-08 2.67E-08 3.91E-06 3.91E-06 4.50E-06 3.11E-08 8178.98
2.51E-08 2.51E-08 3.78E-06 3.78E-06 4.36E-06 2.92E-08 8311.26
2.36E-08 2.36E-08 3.66E-06 3.66E-06 4.22E-06 2.74E-08 8445.69
2.21E-08 2.21E-08 3.55E-06 3.55E-06 4.08E-06 2.58E-08 8582.29
2.08E-08 2.08E-08 3.44E-06 3.44E-06 3.95E-06 2.42E-08 8721.11
1.95E-08 1.95E-08 3.33E-06 3.33E-06 3.83E-06 2.27E-08 8862.16
1.83E-08 1.83E-08 3.22E-06 3.22E-06 3.71E-06 2.13E-08 9005.5
1.72E-08 1.72E-08 3.12E-06 3.12E-06 3.59E-06 2.00E-08 9151.16
1.61E-08 1.61E-08 3.02E-06 3.02E-06 3.48E-06 1.88E-08 9299.17
1.52E-08 1.52E-08 2.93E-06 2.93E-06 3.37E-06 1.76E-08 9449.58
1.42E-08 1.42E-08 2.83E-06 2.83E-06 3.26E-06 1.66E-08 9602.42
1.34E-08 1.34E-08 2.74E-06 2.74E-06 3.16E-06 1.55E-08 9757.73
1.25E-08 1.25E-08 2.66E-06 2.66E-06 3.06E-06 1.46E-08 9915.55
1.18E-08 1.18E-08 2.57E-06 2.57E-06 2.96E-06 1.37E-08 10075.9
1.10E-08 1.10E-08 2.49E-06 2.49E-06 2.87E-06 1.29E-08 10238.9
1.04E-08 1.04E-08 2.41E-06 2.41E-06 2.77E-06 1.21E-08 10404.5
9.73E-09 9.73E-09 2.34E-06 2.34E-06 2.69E-06 1.13E-08 10572.8
9.13E-09 9.13E-09 2.26E-06 2.26E-06 2.60E-06 1.06E-08 10743.8
8.57E-09 8.57E-09 2.19E-06 2.19E-06 2.52E-06 9.97E-09 10917.6
8.04E-09 8.04E-09 2.12E-06 2.12E-06 2.44E-06 9.36E-09 11094.2
7.55E-09 7.55E-09 2.05E-06 2.05E-06 2.36E-06 8.78E-09 11273.6
7.08E-09 7.08E-09 1.99E-06 1.99E-06 2.29E-06 8.24E-09 11455.9
6.64E-09 6.64E-09 1.93E-06 1.93E-06 2.22E-06 7.73E-09 11641.2
6.23E-09 6.23E-09 1.86E-06 1.86E-06 2.15E-06 7.25E-09 11829.5
5.85E-09 5.85E-09 1.81E-06 1.81E-06 2.08E-06 6.81E-09 12020.8
5.49E-09 5.49E-09 1.75E-06 1.75E-06 2.01E-06 6.38E-09 12215.3
5.15E-09 5.15E-09 1.69E-06 1.69E-06 1.95E-06 5.99E-09 12412.8
4.83E-09 4.83E-09 1.64E-06 1.64E-06 1.89E-06 5.62E-09 12613.6
4.53E-09 4.53E-09 1.59E-06 1.59E-06 1.83E-06 5.27E-09 12817.6
4.25E-09 4.25E-09 1.54E-06 1.54E-06 1.77E-06 4.95E-09 13025
3.99E-09 3.99E-09 1.49E-06 1.49E-06 1.71E-06 4.64E-09 13235.6
3.74E-09 3.74E-09 1.44E-06 1.44E-06 1.66E-06 4.35E-09 13449.7
3.51E-09 3.51E-09 1.40E-06 1.40E-06 1.61E-06 4.08E-09 13667.2
3.29E-09 3.29E-09 1.35E-06 1.35E-06 1.56E-06 3.83E-09 13888.3
3.09E-09 3.09E-09 1.31E-06 1.31E-06 1.51E-06 3.59E-09 14112.9
2.89E-09 2.89E-09 1.27E-06 1.27E-06 1.46E-06 3.37E-09 14341.2
2.71E-09 2.71E-09 1.23E-06 1.23E-06 1.41E-06 3.16E-09 14573.1
2.55E-09 2.55E-09 1.19E-06 1.19E-06 1.37E-06 2.96E-09 14808.9
2.39E-09 2.39E-09 1.15E-06 1.15E-06 1.32E-06 2.78E-09 15048.4
2.24E-09 2.24E-09 1.11E-06 1.11E-06 1.28E-06 2.60E-09 15291.8
2.10E-09 2.10E-09 1.08E-06 1.08E-06 1.24E-06 2.44E-09 15539.1
1.97E-09 1.97E-09 1.04E-06 1.04E-06 1.20E-06 2.29E-09 15790.4
1.84E-09 1.84E-09 1.01E-06 1.01E-06 1.16E-06 2.15E-09 16045.8
1.73E-09 1.73E-09 9.80E-07 9.80E-07 1.13E-06 2.01E-09 16305.4
1.62E-09 1.62E-09 9.49E-07 9.49E-07 1.09E-06 1.89E-09 16569.1
1.52E-09 1.52E-09 9.19E-07 9.19E-07 1.06E-06 1.77E-09 16837.1
1.43E-09 1.43E-09 8.90E-07 8.90E-07 1.02E-06 1.66E-09 17109.4
1.34E-09 1.34E-09 8.62E-07 8.62E-07 9.92E-07 1.55E-09 17386.1
1.25E-09 1.25E-09 8.34E-07 8.34E-07 9.60E-07 1.46E-09 17667.4
1.17E-09 1.17E-09 8.08E-07 8.08E-07 9.30E-07 1.37E-09 17953.1
1.10E-09 1.10E-09 7.83E-07 7.83E-07 9.00E-07 1.28E-09 18243.5
1.03E-09 1.03E-09 7.58E-07 7.58E-07 8.72E-07 1.20E-09 18538.6
9.66E-10 9.66E-10 7.34E-07 7.34E-07 8.44E-07 1.12E-09 18838.4
9.05E-10 9.05E-10 7.11E-07 7.11E-07 8.18E-07 1.05E-09 19143.1
8.49E-10 8.49E-10 6.88E-07 6.88E-07 7.92E-07 9.87E-10 19452.7
7.95E-10 7.95E-10 6.66E-07 6.66E-07 7.67E-07 9.25E-10 19767.4
7.45E-10 7.45E-10 6.45E-07 6.45E-07 7.43E-07 8.67E-10 20087.1
6.98E-10 6.98E-10 6.25E-07 6.25E-07 7.19E-07 8.12E-10 20412
6.54E-10 6.54E-10 6.05E-07 6.05E-07 6.96E-07 7.61E-10 20742.1
6.13E-10 6.13E-10 5.86E-07 5.86E-07 6.74E-07 7.13E-10 21077.6
5.74E-10 5.74E-10 5.68E-07 5.68E-07 6.53E-07 6.68E-10 21418.5
5.38E-10 5.38E-10 5.50E-07 5.50E-07 6.32E-07 6.25E-10 21765
5.04E-10 5.04E-10 5.32E-07 5.32E-07 6.12E-07 5.86E-10 22117
4.72E-10 4.72E-10 5.15E-07 5.15E-07 5.93E-07 5.49E-10 22474.7
4.42E-10 4.42E-10 4.99E-07 4.99E-07 5.74E-07 5.14E-10 22838.2
4.14E-10 4.14E-10 4.83E-07 4.83E-07 5.56E-07 4.81E-10 23207.6
3.87E-10 3.87E-10 4.68E-07 4.68E-07 5.39E-07 4.51E-10 23583
3.63E-10 3.63E-10 4.53E-07 4.53E-07 5.22E-07 4.22E-10 23964.4
3.40E-10 3.40E-10 4.39E-07 4.39E-07 5.05E-07 3.95E-10 24352
3.18E-10 3.18E-10 4.25E-07 4.25E-07 4.89E-07 3.70E-10 24745.9
2.98E-10 2.98E-10 4.12E-07 4.12E-07 4.74E-07 3.47E-10 25146.2
2.79E-10 2.79E-10 3.99E-07 3.99E-07 4.59E-07 3.25E-10 25552.9
2.61E-10 2.61E-10 3.86E-07 3.86E-07 4.44E-07 3.04E-10 25966.2
2.45E-10 2.45E-10 3.74E-07 3.74E-07 4.30E-07 2.85E-10 26386.1
2.29E-10 2.29E-10 3.62E-07 3.62E-07 4.17E-07 2.67E-10 26812.9
2.15E-10 2.15E-10 3.51E-07 3.51E-07 4.04E-07 2.50E-10 27246.6
2.01E-10 2.01E-10 3.40E-07 3.40E-07 3.91E-07 2.34E-10 27687.3
1.88E-10 1.88E-10 3.29E-07 3.29E-07 3.79E-07 2.19E-10 28135.1
1.76E-10 1.76E-10 3.19E-07 3.19E-07 3.67E-07 2.05E-10 28590.2
1.65E-10 1.65E-10 3.09E-07 3.09E-07 3.55E-07 1.92E-10 29052.6
1.54E-10 1.54E-10 2.99E-07 2.99E-07 3.44E-07 1.80E-10 29522.5
1.45E-10 1.45E-10 2.90E-07 2.90E-07 3.34E-07 1.68E-10 30000
