beta_para	beta_perp	delta_para	delta_perp	delta	beta	energy
0.000445191198489	0.0004451995211476	0.0010810770744594	0.0012682901066543	0.001205421257757	0.0004451957893208	269.9
0.0004419725048836	0.0004419558965081	0.0010655109549161	0.0012562670813757	0.0011922081103119	0.0004419633435972	270.2
0.0004387765806478	0.0004387352588998	0.0010483632304697	0.0012427930026172	0.0011775018391058	0.0004387507797878	270.5
0.0004356013837478	0.0004355355436453	0.0010303719588816	0.0012286236958467	0.0011620488811617	0.000435557989614	270.8
0.0004324448898833	0.0004323547039978	0.0010116926849386	0.0012139263064519	0.0011460140812084	0.0004323865194139	271.1
0.0004293108103893	0.0004291964929016	0.0009923810289826	0.0011987676806766	0.0011294612667515	0.0004292362512726	271.4
0.0004261952163245	0.000426056937696	0.0009724597118386	0.0011831822723541	0.0011124207999666	0.0004261054213504	271.7
0.0004231018035348	0.0004229397756613	0.0009519382550906	0.0011671921725381	0.0010949091566462	0.0004229939240764	272.0
0.00042002666129	0.0004198410525493	0.0009308305552068	0.0011508249947529	0.0010769487118841	0.0004199032939318	272.3
0.0004169337953201	0.0004167243722542	0.000909155442679	0.0011341145677536	0.0010585707816073	0.0004167957924414	272.6
0.000413672535096	0.0004134373816779	0.0008867923511653	0.0011169551365769	0.0010396646696081	0.000413518126023	272.9
0.0004104339911463	0.000410173325873	0.0008636448175719	0.0010992668523643	0.0010201436304499	0.0004102619864282	273.2
0.0004072161607336	0.0004069301798895	0.0008397388458344	0.0010810954219875	0.0010000463893311	0.0004070272557206	273.5
0.0004040189310867	0.0004037078298502	0.0008150523358616	0.0010624398471039	0.0009793662969351	0.000403813816687	273.8
0.0004008440587745	0.0004005080520944	0.0007895546867769	0.0010432927175939	0.0009580856861611	0.000400619934888	274.1
0.0003976876910136	0.0003973269509619	0.0007632063819132	0.0010236400785665	0.0009361842913354	0.0003974503483738	274.4
0.0003945553108274	0.0003941700708628	0.0007359636733327	0.0010034664995875	0.0009136377238929	0.0003943000882375	274.7
0.0003914412145107	0.0003910316445418	0.0007077770114421	0.0009827538731004	0.0008904152410834	0.0003911706580519	275.0
0.0003883490096929	0.0003879153200683	0.0006785891781698	0.0009614799763168	0.0008664845916058	0.0003880619441437	275.3
0.0003852767272479	0.0003848191064734	0.0006483387132201	0.0009396224578728	0.0008418081659243	0.0003849722331526	275.6
0.0003822242592068	0.0003817428947301	0.0006169558269259	0.000917155305504	0.0008163459808467	0.0003819046170258	275.9
0.0003791914982565	0.0003786865764736	0.0005843640874993	0.0008940512177908	0.0007900563947932	0.0003788573802849	276.2
0.0003761801740869	0.0003756519008577	0.0005504837741165	0.0008702856081116	0.0007628938091821	0.0003758288220217	276.5
0.0003731865039995	0.0003726350430831	0.0005152497630373	0.0008458534302867	0.0007348339693488	0.0003728220153831	276.8
0.0003701043468687	0.0003695397697301	0.0004785316154939	0.00082069705755	0.0007057960191909	0.0003697307726983	277.1
0.0003669197019228	0.0003663573863604	0.0004400972166349	0.0007946795380418	0.0006756094458836	0.0003665477642697	277.4
0.0003637606908118	0.0003631952481559	0.0003997790702293	0.0007677283696135	0.0006441697865478	0.0003633855212043	277.7
0.0003606180869579	0.0003600569200934	0.0003574495949127	0.0007398235061687	0.000611420616457	0.0003602455042301	278.0
0.0003575008696968	0.000356936771546	0.0003129274606569	0.0007109099044019	0.0005772648618184	0.0003571260222396	278.3
0.0003544016618694	0.0003538383649024	0.0002659999093019	0.0006809178888909	0.0005415855211099	0.0003540285305753	278.6
0.0003513221738306	0.000350761581578	0.000216412685757	0.0006497683226817	0.0005042454982479	0.0003509513463136	278.9
0.0003482659019988	0.0003477044825849	0.0001638752406318	0.0006173633573029	0.0004650798510423	0.0003478928006844	279.2
0.0003452309210839	0.0003446651452766	0.0001080549825723	0.0005835701219392	0.0004238892138022	0.000344855907049	279.5
0.0003422099421072	0.0003416525431331	4.858465702412576e-05	0.0005481717230464	0.000380407584171	0.0003418405472879	279.8
0.0003392154221894	0.0003386538592993	-1.4501487919491738e-05	0.0005099901338967	0.000333863359237	0.0003388435052532	280.1
0.0003334652086815	0.0003412536445803	-8.407486791838122e-05	0.0004738710617778	0.0002865101633595	0.0003386383109512	280.4
0.0003313558640673	0.0003339627728433	-0.0001608605246309	0.0004369296905233	0.0002361883888864	0.0003330875754441	280.7
0.0003311750105866	0.0003290808171477	-0.0002413122018598	0.0003932870028004	0.0001801847286087	0.000329784282096	281.0
0.0003247453813375	0.0003280132945898	-0.0003315134638987	0.0003489746638262	0.0001204627193552	0.0003269167646268	281.3
0.0003256082662339	0.0003222162521228	-0.0004349843443201	0.0003024061948587	5.478590047671061e-05	0.0003233555735732	281.6
0.0003367876464845	0.000317956214219	-0.000538550801249	0.0002489566765581	-1.5493025354449936e-05	0.0003242814836154	281.9
0.0003234124476007	0.0003228868501269	-0.0006571577670087	0.00019714492475	-8.973440212821066e-05	0.000323064245013	282.2
0.0003248404484875	0.0003165163180468	-0.0008027319316026	0.0001451465493647	-0.0001731562710482	0.0003193123399173	282.5
0.0003290106935518	0.0003105501627676	-0.0009661339434045	8.451021883952704e-05	-0.0002683016655406	0.0003167505234082	282.8
0.0003267735768948	0.0003088989582157	-0.0010933700981599	4.2524594463705774e-05	-0.000338914689614	0.0003149020670326	283.0
0.000326758136129	0.0003086494420098	-0.0011019855989128	4.030532323687574e-05	-0.0003432818312677	0.0003147311864121	283.012
0.0003267894622446	0.0003083322151911	-0.0011116246722679	3.803359175600828e-05	-0.0003480277212698	0.0003145307955904	283.025
0.0003275410566344	0.0003076110140287	-0.001121367464834	3.594031664016837e-05	-0.0003526897823963	0.000314304644929	283.038
0.0003286680810197	0.0003062630819942	-0.001129959831051	3.382358459516397e-05	-0.0003569805690746	0.0003137879257362	283.05
0.0003299257490219	0.0003043267723892	-0.001138609286039	3.074753647072761e-05	-0.0003619283390962	0.0003129231798516	283.063
0.0003307737958647	0.0003026126325461	-0.001145973523095	2.6971198953816983e-05	-0.0003669101072864	0.0003120698981243	283.075
0.0003309717471799	0.000301470961826	-0.0011527982227877	2.2296204359624503e-05	-0.0003723063047715	0.0003113790625723	283.087
0.0003299691426204	0.0003014964139995	-0.001159391757965	1.626818472505441e-05	-0.0003785238348467	0.0003110577414989	283.1
0.0003239011904385	0.0003053297863721	-0.00116929441236	1.181728215261008e-05	-0.0003848063245719	0.0003115660410098	283.113
0.0003236407958957	0.0003077584805947	-0.0011803764301605	1.0316797790871611e-05	-0.000389524566961	0.0003130924650121	283.125
0.0003195994532882	0.0003094784307166	-0.0011940616413209	1.0949325512398748e-05	-0.0003936995749753	0.0003128779038164	283.137
0.0003283081398589	0.0003048622192318	-0.0012063408815871	9.410120048005224e-06	-0.0003988455676457	0.0003127354618361	283.15
0.0003292602771574	0.0003048590144963	-0.0012113031735373	5.100828567190697e-06	-0.0004033744018732	0.0003130539186667	283.163
0.0003227701705245	0.0003048845174891	-0.0012199926289799	1.916063514182479e-06	-0.0004084072769877	0.0003108914777095	283.175
0.0003206030070389	0.0003060744171486	-0.0012357113481546	-1.7260922257805442e-07	-0.0004150726341612	0.0003109538807671	283.188
0.0003259095824521	0.0003036748549938	-0.0012475816717272	-2.8989308519299127e-06	-0.0004208698999189	0.0003111412340751	283.2
0.0003260114900722	0.0003049446812593	-0.0012561751727908	-6.677969948405143e-06	-0.0004262659345572	0.0003120196262784	283.212
0.0003238778448101	0.0003067678234725	-0.0012696315482352	-7.890826541443497e-06	-0.0004315899980332	0.0003125137859464	283.225
0.0003303039418129	0.0003042038768258	-0.0012805347196152	-9.811526116346716e-06	-0.000436527394225	0.0003129684575977	283.238
0.0003239694147719	0.0003062890147016	-0.0012931077843285	-1.066075602368858e-05	-0.0004413135564723	0.0003122268121115	283.25
0.0003325768557673	0.0003016612042803	-0.0013086233220197	-1.0623447860146124e-05	-0.0004464992285116	0.0003120428013426	283.262
0.0003409757293282	0.0002961475281409	-0.0013165632029189	-1.560320182013147e-05	-0.0004524731609697	0.0003112022104366	283.275
0.0003421882611352	0.0002953296319422	-0.0013235274410517	-2.2095801281013947e-05	-0.000459123480414	0.0003110661057829	283.288
0.0003479090739756	0.0002939762512955	-0.0013255050420299	-2.927014712295124e-05	-0.0004645525038398	0.0003120878344018	283.3
0.0003298667214553	0.0003019841536372	-0.0013371598740657	-3.230195494641878e-05	-0.0004704804913741	0.000311347413241	283.313
0.0003375603772887	0.000299302318267	-0.0013566023567276	-3.0902653718418275e-05	-0.0004760799831743	0.0003121508762585	283.325
0.0003461586060103	0.0002937916095464	-0.001363915851665	-3.6043714155039176e-05	-0.0004819495350192	0.0003113779496673	283.337
0.0003411886907438	0.0002985068755666	-0.0013743965515638	-4.044840305306259e-05	-0.0004883946700286	0.0003128391863974	283.35
0.0003517042001683	0.0002941408033181	-0.0013846320523643	-4.3259320786028085e-05	-0.0004936997801279	0.0003134705400322	283.363
0.0003517111286765	0.0002938348031253	-0.0013869043799121	-4.981340906071632e-05	-0.0004988167466527	0.0003132699086919	283.375
0.0003454438329172	0.000297507958052	-0.0013933176316517	-5.427280477030252e-05	-0.0005039317334465	0.0003136066513763	283.387
0.0003411417270221	0.0002990767557009	-0.0014034093189429	-5.667915849359608e-05	-0.0005089184812295	0.0003132025332235	283.4
0.0003302562191537	0.0003006028471245	-0.0014199842757852	-5.8699139597977046e-05	-0.0005158262067718	0.0003105617427269	283.413
0.0003317592501426	0.0003023375553421	-0.0014403590903415	-5.789857842100711e-05	-0.0005221358522038	0.0003122181585213	283.425
0.0003383957291961	0.0002957398594235	-0.001457930767603	-5.941583344986995e-05	-0.00052904470465	0.0003100636242855	283.438
0.0003477401527745	0.0002939638021586	-0.0014664205333038	-6.536657106080961e-05	-0.0005358487502809	0.0003120223806242	283.45
0.0003459949056441	0.0002952904924814	-0.0014709888232503	-7.042968039625438e-05	-0.0005407455906922	0.0003123181971646	283.462
0.0003346926568249	0.0002984062047386	-0.0014897411994064	-7.06567993568133e-05	-0.0005471931744025	0.0003105923057956	283.475
0.0003541787259911	0.0002877236359894	-0.0015015739310927	-7.714096491621333e-05	-0.0005554729849768	0.0003100404752642	283.488
0.0003419614052608	0.0002973803488495	-0.0015053087675925	-8.478418901807344e-05	-0.0005618037525205	0.0003123509344259	283.5
0.0003338909280625	0.000300467125983	-0.0015245015202494	-8.274204424785858e-05	-0.0005668930010543	0.0003116908388815	283.512
0.0003378265654586	0.0002958109268068	-0.0015482139024012	-8.256136611817852e-05	-0.0005747361792692	0.000309920243744	283.525
0.0003506746946558	0.0002921832891903	-0.0015611608554806	-8.770076556686071e-05	-0.0005824973409676	0.0003118257055743	283.538
0.0003445543667413	0.0002951425470463	-0.0015747857921662	-8.989906557262617e-05	-0.0005885329534617	0.0003117358131557	283.55
0.0003600570406778	0.0002874531659399	-0.0015879366494463	-9.33813316924478e-05	-0.000595261536945	0.0003118357301265	283.563
0.000355997114556	0.0002867226933908	-0.0015944800321578	-0.0001020208413896	-0.0006031964997058	0.0003099863121525	283.575
0.0003558063812342	0.0002914062508038	-0.0016069552122723	-0.0001072595760596	-0.0006108651799533	0.0003130329638343	283.587
0.0003544227018103	0.0002932222488626	-0.0016220932181303	-0.0001083460261405	-0.0006166705778396	0.0003137735505458	283.6
0.0003571444461128	0.0002899726811222	-0.0016379215790407	-0.0001107591197329	-0.0006235890725653	0.0003125297607687	283.613
0.0003603638780904	0.0002880051660685	-0.0016497234182452	-0.0001165677303965	-0.0006314106253998	0.0003123038505251	283.625
0.0003594678165295	0.0002908959003226	-0.0016611185380427	-0.0001212295049664	-0.0006383332173609	0.0003139243827342	283.637
0.000358455955896	0.0002907033804636	-0.0016745932008091	-0.0001247493661547	-0.0006451951373971	0.0003134559564072	283.65
0.0003517964237648	0.0002933619500548	-0.0016948044464656	-0.0001262151369339	-0.0006529564647985	0.0003129845932436	283.663
0.0003622536511967	0.0002872138785487	-0.001711676294816	-0.0001297551463581	-0.0006609734359307	0.0003124143106194	283.675
0.0003611598116484	0.0002897505840809	-0.0017233378685644	-0.0001362099587852	-0.0006691756071329	0.0003137314687713	283.688
0.0003566847175118	0.0002909289889684	-0.0017415995977777	-0.0001381598432905	-0.0006766031120858	0.0003130101912352	283.7
0.0003662178741212	0.0002864881803983	-0.0017561348882301	-0.0001433905388291	-0.000684959218027	0.0003132615848882	283.712
0.0003559870401322	0.0002929533564437	-0.0017751466540302	-0.0001470093382075	-0.0006937478550037	0.000314120778195	283.725
0.0003695774433323	0.0002869576257598	-0.0017968687612819	-0.0001492593461721	-0.0007025364746004	0.000314703502035	283.738
0.0003764076875388	0.0002853094613677	-0.0018028457830337	-0.0001583556781786	-0.0007105840675977	0.0003159028151375	283.75
0.0003618624292928	0.000294100511545	-0.0018173881395408	-0.0001627038534613	-0.0007183550792146	0.0003168558530748	283.762
0.0003678928340313	0.0002929717695065	-0.0018398146100063	-0.000163600511484	-0.0007264821304567	0.0003181310314894	283.775
0.0003643987897744	0.0002959256765334	-0.0018613650968564	-0.0001640175612767	-0.0007339957816334	0.0003189199601991	283.788
0.0003772442296575	0.0002881242192216	-0.0018767867380181	-0.000167684184383	-0.0007416100023975	0.0003180508377452	283.8
0.0003703512141463	0.0002923399278058	-0.001888698350553	-0.0001747367871205	-0.0007502952759195	0.0003185363038369	283.813
0.0003628659870035	0.000294875762681	-0.0019104540700785	-0.0001757184588385	-0.0007582531755851	0.0003177081067135	283.825
0.0003640063609126	0.0002925160413342	-0.0019361696924186	-0.0001768798118655	-0.0007676596512434	0.0003165239619349	283.837
0.0003682072523702	0.0002915377988759	-0.0019638820618137	-0.0001787494260056	-0.0007782064750339	0.0003172855302163	283.85
0.0003842046421406	0.0002839812413813	-0.0019816281485381	-0.0001848260801925	-0.0007882016519258	0.0003176366279797	283.863
0.0003788724619023	0.0002861434192013	-0.0019946278446136	-0.0001936441140447	-0.0007984247636317	0.0003172824432631	283.875
0.0003769816880684	0.0002901741648112	-0.0020152193568071	-0.0001983794030214	-0.0008084848799458	0.0003193250218156	283.887
0.0003721082523957	0.0002933725724102	-0.0020435093348203	-0.0001999796070467	-0.0008190476846345	0.0003198130811431	283.9
0.0003788511678489	0.0002931185169407	-0.0020735191847967	-0.0002008206228832	-0.0008296840619324	0.0003219086136827	283.913
0.0003790751541203	0.0002944109776093	-0.0021074199633307	-0.0001976657382209	-0.0008389723247811	0.0003228434477105	283.925
0.0004179416388464	0.0002755710856613	-0.0021257881627023	-0.000204966415336	-0.0008499892085379	0.0003233808066747	283.938
0.0004082911012377	0.0002836241358558	-0.0021302188926378	-0.0002177402363076	-0.0008599610010711	0.0003254898014023	283.95
0.0004019137360447	0.0002879258448736	-0.0021535808517678	-0.0002199297840185	-0.0008692601953402	0.0003262039886716	283.962
0.0003998382874805	0.0002881441782798	-0.002190805853638	-0.0002190494799314	-0.0008811763898333	0.00032565257113	283.975
0.0004281156244991	0.0002781232059098	-0.0022150907295117	-0.0002245433242826	-0.0008929802392685	0.0003284925370875	283.988
0.0004231760566074	0.0002800815558192	-0.0022286571649573	-0.0002344188056793	-0.0009040946880964	0.0003281347206688	284.0
0.0004228983686571	0.0002849012259153	-0.0022555794587021	-0.0002376905201722	-0.0009153084996113	0.0003312415164693	284.012
0.0004322853170634	0.0002803384526231	-0.0022831703481153	-0.0002414391734287	-0.0009270643428986	0.0003313633862114	284.025
0.0004341616824703	0.0002811098958594	-0.0023106508965724	-0.0002484411150122	-0.0009409431294097	0.0003325067793904	284.038
0.0004441058105793	0.0002818761435813	-0.002335213691028	-0.0002538206256317	-0.0009527640539794	0.0003363551145287	284.05
0.0004425166782237	0.0002844453144551	-0.0023648339581977	-0.0002570737208389	-0.0009648708163171	0.0003375279757429	284.063
0.000456969450078	0.0002797683236028	-0.0023905339289607	-0.0002625408409573	-0.0009771322312835	0.0003392738985432	284.075
0.0004517556054314	0.0002856760522405	-0.0024163185716503	-0.0002673298346879	-0.0009889718785771	0.0003414472822505	284.087
0.0004554540102744	0.0002840704670864	-0.0024597513593578	-0.0002661919673288	-0.0010028010841111	0.0003416223634416	284.1
0.0004879816794117	0.0002701104292822	-0.0024868572260224	-0.0002761996022228	-0.0010185505484105	0.0003432732042481	284.113
0.0004806379324522	0.0002788222522189	-0.0025051957627083	-0.0002878402673638	-0.0010324407473456	0.0003465930724885	284.125
0.000482718872103	0.0002783327294704	-0.0025386610225792	-0.0002939101925916	-0.0010477104841917	0.0003469673137304	284.137
0.0004898020665092	0.0002836909461557	-0.0025737825559606	-0.0003010736211202	-0.0010642623160557	0.0003529049500907	284.15
0.0004883802444794	0.0002869965207693	-0.0026156753421493	-0.0003046634218925	-0.0010807139864054	0.0003546234197483	284.163
0.0005044166407669	0.0002867595752397	-0.0026562208275615	-0.000308988315489	-0.0010972023792543	0.0003598498186089	284.175
0.0005146805894375	0.0002900590120113	-0.002693273875356	-0.0003136854241398	-0.0011127649729418	0.0003654896815122	284.188
0.0005142634152351	0.000290684831979	-0.0027400139772781	-0.0003156227683738	-0.0011297470214708	0.0003657643303099	284.2
0.0005441091784945	0.0002852789507015	-0.0027853152560433	-0.0003218863435858	-0.0011491198460185	0.0003721968283003	284.212
0.0005598324749786	0.0002871103176543	-0.0028218924902199	-0.0003342266133219	-0.0011695984649303	0.0003786932870158	284.225
0.0005677678680389	0.0002991169235758	-0.0028685399894207	-0.0003392627343175	-0.0011886075431273	0.0003893321885514	284.238
0.00058565177723	0.0002987859529856	-0.0029184678933655	-0.0003393495837525	-0.0012054317079985	0.0003951170639089	284.25
0.0006073289607723	0.0002968738817442	-0.0029671698571486	-0.0003459718659243	-0.0012261854406174	0.0004011266110311	284.262
0.0006310445683945	0.0003050908233615	-0.0030221279981471	-0.000351492534926	-0.001248307162226	0.0004145494654639	284.275
0.0006638913367567	0.0003052491123613	-0.0030755959208301	-0.0003554728239779	-0.0012689052850176	0.0004256836950676	284.288
0.0006829054970125	0.0003130391900342	-0.0031335481497582	-0.0003578927443793	-0.0012899738021686	0.0004372430679288	284.3
0.0007376498887022	0.0003117057002963	-0.0031941170155247	-0.0003597201568661	-0.001311526544381	0.0004547418259642	284.313
0.0007691167858124	0.000316829916391	-0.0032467286037876	-0.0003629342193321	-0.0013313276613931	0.0004687115985579	284.325
0.0008199839666385	0.000321205247534	-0.0033097563988804	-0.0003596338808514	-0.0013503010733219	0.0004886976800827	284.337
0.0008998440646121	0.0003094123387131	-0.0033574660596212	-0.0003635015890414	-0.0013688919229083	0.0005076830596184	284.35
0.0009510578597909	0.000315832337154	-0.0033949739599709	-0.0003746573421342	-0.0013888966330983	0.0005291453520405	284.363
0.0010022971124144	0.0003280639447114	-0.0034436751181894	-0.0003740833975949	-0.0014048699787006	0.000554475163713	284.375
0.0010725411170395	0.0003297564487447	-0.0034958360324708	-0.0003647940943832	-0.0014162161602902	0.0005791889728881	284.387
0.0011721445241883	0.000316371481649	-0.003532159922392	-0.0003618573511051	-0.0014264631681536	0.0006037455777613	284.4
0.0012590494891717	0.0003078976238156	-0.0035455130675184	-0.0003713981199774	-0.0014372839816551	0.0006273013765269	284.413
0.0013196716606505	0.0003155560283078	-0.0035684178713229	-0.0003744297172605	-0.0014469888127881	0.0006527447202162	284.425
0.001439818491034	0.000304195551835	-0.0035723754928689	-0.0003748791006118	-0.0014486160496748	0.0006855456195296	284.438
0.0014982909351674	0.0002986677182342	-0.0035561799553631	-0.0003829283206528	-0.0014485234089193	0.000701508788123	284.45
0.0015776705840238	0.0002946899248975	-0.0035395713258059	-0.0003923232113978	-0.0014491862396694	0.0007255226537971	284.462
0.0016318822279449	0.0002928526476617	-0.0035085781073352	-0.0004044178902428	-0.0014468120339659	0.0007425064682692	284.475
0.0016689731129991	0.0002973478227005	-0.0034915480944568	-0.0004145120136015	-0.0014477978758963	0.0007579476829321	284.488
0.001710287581461	0.0002998010018793	-0.0034864513000237	-0.0004204001229775	-0.0014499975653869	0.0007734500799614	284.5
0.0017599669421291	0.0003004158326668	-0.0034749498902724	-0.0004267710503909	-0.001450367346267	0.0007905416508632	284.512
0.0017965560772916	0.0003044444419149	-0.003461925742842	-0.0004311470308932	-0.001448900303806	0.0008055044654264	284.525
0.0018439868375643	0.0002984216367645	-0.0034477407733325	-0.0004373955177022	-0.001448287561025	0.0008174316818045	284.538
0.0018717491595539	0.0002979002876744	-0.0034299346348954	-0.0004489268333735	-0.001449967016871	0.0008264095081838	284.55
0.0018942557478048	0.0003017404628715	-0.003420336570947	-0.0004616045255458	-0.001455163613019	0.000836517819376	284.563
0.0019189213699632	0.0003101152810041	-0.003416685733767	-0.0004694774081231	-0.0014591661127116	0.0008503632810368	284.575
0.0019429033052861	0.0003129181947918	-0.0034099512860543	-0.0004760401038722	-0.0014612633254101	0.0008602770507117	284.587
0.0019490662641619	0.0003202911293065	-0.0034153152223234	-0.000483830779917	-0.0014682401848288	0.00086724303749	284.6
0.0019770866090235	0.0003263273037535	-0.0034315202488684	-0.0004907894897087	-0.0014783039042826	0.0008806634362204	284.613
0.0020026637120382	0.0003359307642993	-0.003440334490478	-0.0004954115660514	-0.0014843332181045	0.0008956301743698	284.625
0.0020178601274289	0.0003421701069012	-0.0034536196077591	-0.0004983032649232	-0.0014907146330884	0.0009048779688403	284.637
0.0020364756367514	0.0003519941533022	-0.0034811047314611	-0.0005004452937061	-0.0015013673770022	0.0009176523310962	284.65
0.0020616263573808	0.0003621755418512	-0.003522088934295	-0.0004966193803121	-0.001512589663382	0.0009328620149815	284.663
0.0021015350379302	0.0003628054167529	-0.0035718446613286	-0.0004906266139213	-0.0015253168368456	0.0009466821042281	284.675
0.0021841216418841	0.0003571899800023	-0.0036084812323896	-0.0004913092059407	-0.0015380729783717	0.0009706844864989	284.688
0.0022482068541229	0.0003581038948189	-0.0036143725450525	-0.0004983726079629	-0.0015447435125863	0.0009928118342675	284.7
0.0022781411061832	0.0003705463981731	-0.0036367809952274	-0.0004964580593665	-0.0015509963237045	0.0010111295104241	284.712
0.0023640445716204	0.0003586171335433	-0.003661181104739	-0.0004993035593039	-0.0015610794442844	0.0010320518951779	284.725
0.0024120407863092	0.0003759470113407	-0.0036784120095849	-0.0005060254380652	-0.0015713305275122	0.0010596798564685	284.738
0.0024761690955576	0.000389454438892	-0.0037184881286301	-0.0004918769411586	-0.0015753910009487	0.0010901858348242	284.75
0.002590166472392	0.0003735517441634	-0.003734831417337	-0.0004812607320597	-0.0015738280177571	0.0011179044214803	284.762
0.0026774533252387	0.0003697400271747	-0.003725607519053	-0.0004808187523825	-0.0015704371264776	0.0011446839551496	284.775
0.0027727025156843	0.0003613395720011	-0.0037143927325011	-0.0004799844108494	-0.0015661170553034	0.0011710898943687	284.788
0.0028537958679261	0.0003562772741486	-0.0036979409136657	-0.000480307127233	-0.001560806648531	0.001194959196939	284.8
0.0029513677277063	0.0003480790251579	-0.0036750967943993	-0.00047624816171	-0.0015504394292831	0.0012222789892536	284.813
0.0030615538606883	0.0003176994136827	-0.0036139755394974	-0.0004903401410812	-0.0015392746564618	0.0012391018335341	284.825
0.0030917220133675	0.0003295657199352	-0.0035429000777161	-0.0005099082022753	-0.0015284043881775	0.0012571144579946	284.837
0.0031277651022401	0.0003285891088951	-0.0035002152846745	-0.0005170529881148	-0.0015188157263503	0.0012685697650267	284.85
0.0031697030103313	0.0003310538116698	-0.0034613348944976	-0.000527871076853	-0.0015129443873621	0.001284289257255	284.863
0.0031816720264016	0.0003504569989087	-0.003456076477999	-0.0005164808835628	-0.0015036139102608	0.0013011953200905	284.875
0.0032907407485775	0.000306691994709	-0.0034271361899256	-0.0005177824109104	-0.0014947600612558	0.0013087541319103	284.887
0.0033177068411768	0.0003097229721955	-0.0033543696160639	-0.000547473299458	-0.0014900446619233	0.0013198217922439	284.9
0.0033311951575377	0.000323590833707	-0.0033155462835893	-0.000557643977078	-0.0014837635642311	0.0013335619021273	284.913
0.0033595216235885	0.0003210961999669	-0.0032929938845447	-0.00055975489408	-0.0014775922497173	0.0013414184197106	284.925
0.0034043731692235	0.0003106982174791	-0.0032458462555063	-0.0005781924863892	-0.0014740058148391	0.0013495725624087	284.938
0.0033795269364434	0.0003356981606129	-0.0032229781186216	-0.0005865112851718	-0.0014718515348086	0.0013578350453054	284.95
0.0034225376741711	0.0003241596157095	-0.0032159838141456	-0.0005889071409398	-0.0014710942053353	0.0013646126528214	284.962
0.0034341347959781	0.0003301433652477	-0.0031864479796537	-0.0006066301559051	-0.0014729481639488	0.0013724826418853	284.975
0.0034203350066261	0.0003507017580943	-0.0031914284380144	-0.000610209050502	-0.0014769972879057	0.001381503631604	284.988
0.0034551984492819	0.0003472396398031	-0.0032110917336595	-0.00060901466154	-0.0014828068747757	0.0013909113555156	285.0
0.0034874998478159	0.0003492690796298	-0.0032173069470117	-0.0006159403199451	-0.0014894933447862	0.0014031068286948	285.012
0.003524005053242	0.000350710317011	-0.0032152300979646	-0.0006293727351628	-0.001497717427155	0.0014163212557768	285.025
0.0035192478699294	0.0003749516333772	-0.0032411238754351	-0.0006346116777244	-0.0015098934460242	0.001430824446611	285.038
0.0035720291661227	0.000379429431829	-0.0032839556123917	-0.0006318676749483	-0.0015224540161552	0.0014515241916869	285.05
0.0036151477425871	0.0003952975862247	-0.0033331664455263	-0.0006246767111009	-0.0015342031084308	0.001476542217082	285.063
0.0037123750945895	0.0003848933593094	-0.0033672546932988	-0.0006233451735914	-0.0015447657173767	0.0015022826789426	285.075
0.0037590183292222	0.000403388056776	-0.0034025483958241	-0.000624486670707	-0.0015573748498643	0.0015302293561887	285.087
0.0038730755889481	0.0004119633936912	-0.0034667570379606	-0.0006053398605614	-0.0015662195536046	0.0015742250813353	285.1
0.0040462247663629	0.0003857809589691	-0.0034724604420293	-0.0006056949883755	-0.0015683712589111	0.0016149797944041	285.113
0.0041238397019045	0.0004107892891251	-0.003460456162982	-0.0006093973889073	-0.0015667993298232	0.0016576540854037	285.125
0.0042279097693122	0.0004164189762195	-0.0034934892070381	-0.0005901064481491	-0.0015650786427002	0.0016963411922109	285.137
0.0044077137502135	0.0004157140686968	-0.0035233132629563	-0.000559452983873	-0.0015547332142082	0.0017562517568872	285.15
0.0046321367100165	0.0003749092923281	-0.0034985679951137	-0.0005380492247966	-0.0015322074948976	0.0018045110561926	285.163
0.0048359369792878	0.0003392655876352	-0.0034098804211527	-0.000546430192267	-0.0015079928692703	0.0018492739174376	285.175
0.004992843479282	0.0003246863400641	-0.003287555933783	-0.0005643676081806	-0.001478830173242	0.0018922807485702	285.188
0.0051324402503825	0.0003187214996961	-0.003173600332419	-0.0005764074837137	-0.001448559640322	0.0019351976572181	285.2
0.0052459786064732	0.0003220767915673	-0.0030691874509464	-0.0005740771857871	-0.0014119489031644	0.0019755520351933	285.212
0.0054188199499678	0.0002967572020461	-0.0029445681492567	-0.0005671290254571	-0.0013654863054521	0.0020167760182728	285.225
0.0055840579805502	0.0002647664797659	-0.0027598332273006	-0.0005791256263614	-0.0013114199689249	0.0020510152370313	285.238
0.0056659183304574	0.0002522225605719	-0.0025804000986521	-0.0005948041490099	-0.0012615791342578	0.0020701741315517	285.25
0.0057690910149434	0.0002313069417037	-0.0024105028355521	-0.0006075751472233	-0.0012130083399874	0.0020909281658965	285.262
0.0058794454716768	0.0002001363844431	-0.0021837509819736	-0.0006396145116983	-0.0011581444924573	0.0021072814734869	285.275
0.0059197360289601	0.0002001216336855	-0.0019313741033641	-0.0006821517146677	-0.0011016477509161	0.0021208030416651	285.288
0.0059035525848839	0.000218283334163	-0.0017284446353401	-0.0007028861115633	-0.0010472743653103	0.0021274300931294	285.3
0.0059108273217167	0.0002148697745645	-0.0015293469947592	-0.0007157760615202	-0.0009889783146609	0.0021276065602054	285.313
0.005895004393492	0.00021544109664	-0.001341819251523	-0.0007326194361078	-0.000937192187474	0.002122673427805	285.325
0.0058689861908472	0.0002172764511709	-0.0011671562632943	-0.0007463930747602	-0.0008876867541771	0.002115155208266	285.337
0.0058584596385713	0.0002095261180745	-0.0009583326266052	-0.0007683166078452	-0.0008321245055716	0.0021064709676999	285.35
0.0057569549117635	0.0002278065420567	-0.0007742503050546	-0.0007818851658046	-0.0007793213863511	0.0020845282268367	285.363
0.0057349391357769	0.000211593405946	-0.0006270865854017	-0.0007914114583937	-0.0007362296560359	0.0020663668301469	285.375
0.005699447205287	0.0002043403537705	-0.0004281843275731	-0.0008207210615783	-0.0006889038590582	0.0020496308295207	285.387
0.0055687491088241	0.0002147196233122	-0.0002178948747118	-0.0008572730926923	-0.000642564694625	0.0020126350465735	285.4
0.0054183826574895	0.0002446134780215	-5.882802535868194e-05	-0.0008841345980713	-0.0006069907898621	0.0019819954096975	285.413
0.0052733968875477	0.000282834948713	4.084622178059386e-05	-0.0008814393902789	-0.0005717300793079	0.0019586952566333	285.425
0.0051745385668411	0.000282176697772	0.0001345205568952	-0.0008672698293798	-0.0005308626215696	0.0019250610704361	285.438
0.0050889940305735	0.0002721629323996	0.0002491566048162	-0.000868637144406	-0.0004932752204106	0.0018896843952918	285.45
0.0049683847347204	0.0002597572044429	0.0003785788757056	-0.0008870233612125	-0.0004620258570658	0.0018409434465867	285.462
0.0047870330547532	0.0002702705502105	0.0004886011063892	-0.0009141682481274	-0.0004431089122832	0.0017870268357477	285.475
0.004597127499442	0.0002959842591015	0.0005312670939317	-0.00092535458646	-0.0004362115598298	0.0017403341346851	285.488
0.0044986004256421	0.0003053903385729	0.0005584799725851	-0.000925918583961	-0.0004274475054477	0.0017134962842759	285.5
0.0043752808121452	0.0003181019249176	0.0005999722118051	-0.0009194656948354	-0.0004092277410664	0.0016805266942346	285.512
0.0042639431018442	0.0002979779962123	0.000645017675504	-0.0009232477830095	-0.0003966140388058	0.0016297717739537	285.525
0.0041283049449749	0.0003035504755538	0.0006968113355773	-0.0009434106300603	-0.0003926144868649	0.0015879253796246	285.538
0.0039808338708751	0.0003181060591026	0.0007186169476055	-0.0009516176309524	-0.0003907429037862	0.0015480727280439	285.55
0.0038462506420922	0.0003249239300879	0.0007065277853234	-0.0009502892825321	-0.0003939199759112	0.0015074067795932	285.563
0.0037869386419949	0.0003166160112597	0.000734933211699	-0.0009552671136597	-0.0003876871298982	0.0014819723593916	285.575
0.0036072453208264	0.0003176372305394	0.0007589364956459	-0.0009711607086594	-0.0003901827356303	0.0014223075710631	285.587
0.0034683126179347	0.0003372471781426	0.0007168886741647	-0.0009759421624328	-0.0004074784541046	0.0013886782941347	285.6
0.0033695828131427	0.000330921963837	0.0006805996296944	-0.0009756445691515	-0.0004194668440872	0.001351322345259	285.613
0.003269369160202	0.0003314718755286	0.000652795925323	-0.000983190881365	-0.0004338162542979	0.0013180352191738	285.625
0.0031831602978556	0.0003306975795419	0.0006270582912845	-0.0009922638408814	-0.0004484852387721	0.0012885722566301	285.637
0.0030612006562702	0.0003376319297951	0.0005856799063733	-0.0010005854605794	-0.000467907250348	0.0012522227833143	285.65
0.0029625492895729	0.0003430967524602	0.0005076807325137	-0.0009997513822227	-0.0004935462255101	0.0012227246957017	285.663
0.0029316981590471	0.000329360644511	0.0004497055960124	-0.0010052479311081	-0.0005166649252889	0.001203242240798	285.675
0.0028662038775993	0.0003345730558404	0.0004051648390512	-0.0010123897851295	-0.0005363654319929	0.0011847094429859	285.688
0.0028407463444634	0.000313086717456	0.0003809617607096	-0.0010271477433498	-0.0005542954921679	0.0011618902655629	285.7
0.0027517723245528	0.0003251085749184	0.0003583716717105	-0.0010510531918452	-0.0005777592971132	0.0011399966720923	285.712
0.0026756183192889	0.0003408298968843	0.0002924267464034	-0.0010570327945568	-0.0006038758115362	0.0011248662818458	285.725
0.0026399353096421	0.0003372866376567	0.0002259435377982	-0.0010592587903517	-0.0006276790321399	0.0011105306987843	285.738
0.0026138264883255	0.0003342244699916	0.000183892836973	-0.0010686265004795	-0.0006480222667632	0.0010997276721358	285.75
0.0025743136657522	0.0003346918569775	0.0001463642116429	-0.0010794588029356	-0.0006678197925209	0.0010867709899396	285.762
0.0025377053018578	0.000334772657481	0.0001034516214218	-0.0010912716404273	-0.0006900756141487	0.0010745308613889	285.775
0.0024949016874502	0.0003376257557141	5.6439101014100526e-05	-0.0011019365940433	-0.0007129467976615	0.0010620518490711	285.788
0.0024660434577663	0.0003366849637914	4.442983066195524e-06	-0.0011107758003172	-0.0007362782831286	0.0010517373406359	285.8
0.0024595530066918	0.0003324609680765	-3.3706533905734035e-05	-0.0011272850829699	-0.0007600537772006	0.0010467519340368	285.813
0.0024137585092155	0.0003457175996381	-7.459402433227126e-05	-0.0011365274044793	-0.0007799228956089	0.0010401781755634	285.825
0.0024191902851469	0.0003352164675928	-0.0001141807338494	-0.0011459013342007	-0.0007994426645441	0.0010350278546311	285.837
0.0023815894204589	0.0003430250090031	-0.0001498985487992	-0.0011608267102486	-0.0008213499991105	0.0010275876230054	285.85
0.0023829207571737	0.0003377439443416	-0.0001818598094485	-0.0011767551044278	-0.0008426625672647	0.0010245265410838	285.863
0.0023377808560122	0.0003505125852374	-0.0002124052688049	-0.0011919479131336	-0.0008630109775834	0.0010178498392417	285.875
0.0023246671999273	0.0003566336091707	-0.0002624224772317	-0.0011976830997372	-0.000883616052687	0.0010175115556692	285.887
0.0023213109014033	0.0003545170578377	-0.0003034287572737	-0.0012068383154818	-0.0009034670498285	0.0010149786195219	285.9
0.0022910071181622	0.0003607500928567	-0.0004097147424375	-0.0012452998620916	-0.0009647041703115	0.0010089425156043	285.94
0.0022837452619811	0.0003644766110421	-0.0005013517190223	-0.0012882718270716	-0.0010240180888472	0.0010089783649112	285.98
0.0022613063778844	0.0003769244301196	-0.0005831586248423	-0.001334118692392	-0.0010819408045362	0.0010097110405493	286.02
0.0022526756005251	0.0003889818769814	-0.0006660721909454	-0.0013801238244539	-0.001140340367216	0.0010148209818678	286.06
0.00224464301457	0.0004073403570849	-0.0007479687943997	-0.0014245674411987	-0.0011973609313374	0.0010243178826896	286.1
0.0022573061626997	0.0004185710864166	-0.0008203027865725	-0.0014705715483145	-0.0012522068617226	0.0010360289875607	286.14
0.0022487246163607	0.0004388818436113	-0.0008943829838117	-0.0015176743526906	-0.0013083693574003	0.001046638138929	286.18
0.0022729094496381	0.0004522652875562	-0.0009747810882632	-0.001563004907017	-0.0013654750259208	0.0010636499445865	286.22
0.0023127844791591	0.0004586232792751	-0.0010288170061511	-0.0016210278404437	-0.0014221584460262	0.0010812618817938	286.26
0.002323077845196	0.0004853173293856	-0.0010745814624255	-0.0016850917755382	-0.0014800775822957	0.0011024483281797	286.3
0.0023435792947017	0.0005127634713642	-0.001128416504623	-0.0017440062432278	-0.0015372866440898	0.0011275621045979	286.34
0.002369892849335	0.0005378159372292	-0.0011758046959412	-0.0018054098387436	-0.0015939842374806	0.0011530382775954	286.38
0.0023899366194061	0.0005650140104699	-0.001221179470719	-0.0018737908429337	-0.0016546390902175	0.0011778348703615	286.42
0.0024181727482369	0.0005992309812934	-0.0012647186276961	-0.0019483177719801	-0.0017187600484105	0.0012100420261739	286.46
0.0024425463325672	0.0006412323239781	-0.0013048132539885	-0.002025134863155	-0.0017832462888052	0.0012461244962497	286.5
0.0024784550121701	0.0006811128948157	-0.0013301235223849	-0.0021131790717331	-0.0018502232336183	0.0012846725474755	286.54
0.0024744742220138	0.0007495248295261	-0.0013550568032315	-0.0022062438445835	-0.0019204082675482	0.0013287730710615	286.58
0.0024807014988525	0.000817333477887	-0.0013884468503553	-0.0023044576451393	-0.0019968547324276	0.0013759015136837	286.62
0.0024457045012179	0.0009271135557172	-0.001451662461286	-0.0023977600885038	-0.0020800542760749	0.0014370655410439	286.66
0.0024820654664269	0.0010265855314842	-0.0015166386570624	-0.0024872015816939	-0.0021612802358694	0.0015153442105244	286.7
0.0024456206478205	0.0011724355715461	-0.0015854192793188	-0.0025721865754068	-0.0022408237691043	0.0015999793344185	286.74
0.0024375622642871	0.0013285195211109	-0.0017150869254075	-0.002627622120547	-0.0023211858751706	0.0017009437795787	286.78
0.0024964831274541	0.0014790857642795	-0.0018521725150903	-0.0026719529719571	-0.0023966647179964	0.0018207328720018	286.82
0.0025680832376459	0.0016540135160789	-0.0019711165907511	-0.0027069435031905	-0.0024598475875739	0.0019609646433913	286.86
0.0026421642463063	0.001848694731877	-0.0021010124057035	-0.0027092778838671	-0.0025050174869541	0.0021151462295591	286.9
0.002773674421513	0.0020279667896087	-0.0022234789887257	-0.0026888520812486	-0.0025325757679671	0.0022783805915043	286.94
0.0028889883100041	0.0022361576388595	-0.0023495368825874	-0.0026319225342856	-0.0025370942563174	0.0024553817778866	286.98
0.0031015581671076	0.0023907499343896	-0.002459820282509	-0.0025512072385884	-0.0025205175546666	0.002629443757188	287.02
0.0033153570900267	0.0025732508035732	-0.0025078011401073	-0.0024536618503529	-0.0024718403339388	0.0028224542945895	287.06
0.0035226512453611	0.0027224323008782	-0.0025240950586542	-0.0023169129923164	-0.0023864846920528	0.0029911493292738	287.1
0.0037461986081554	0.0028356741265519	-0.0024922410554549	-0.0021743616319932	-0.0022811067621291	0.0031414332053988	287.14
0.0038991440846444	0.0029593855086197	-0.002441577009477	-0.0020055842178892	-0.0021519924185256	0.0032749617590666	287.18
0.0040697390214403	0.0030059359889388	-0.0023981995700733	-0.0018227998760265	-0.0020160214777649	0.003363167353975	287.22
0.0042298724145388	0.0030440891559292	-0.002343879350868	-0.0016489357075896	-0.0018823006353432	0.0034422818275928	287.26
0.0044102420546653	0.0030330873962628	-0.0022633503089834	-0.0014805344655488	-0.0017434077310769	0.0034955432803915	287.3
0.0045539726557729	0.0029952930399388	-0.0021419456579157	-0.0013497006819408	-0.0016157403991399	0.0035187066375162	287.34
0.0046101697392843	0.0029927987967988	-0.0020666227377574	-0.0012163995604108	-0.0015019085301545	0.0035359209247489	287.38
0.0047745454157943	0.002914372883976	-0.0020076980698628	-0.0010903848848996	-0.0013984235016776	0.0035390289334524	287.42
0.0048957497794592	0.0028479733244081	-0.0019158322762641	-0.0010064129518668	-0.0013118008176418	0.0035356286312957	287.46
0.0050412721558867	0.0027832456518351	-0.0018177208094469	-0.0009381643347497	-0.0012335236666686	0.0035415039302728	287.5
0.0051680942873631	0.0027197557917582	-0.0017067406616869	-0.0008833232283524	-0.0011598311072501	0.0035419212726791	287.54
0.0053229744822057	0.0026553707839522	-0.0015727533915559	-0.0008431422362435	-0.0010881498554219	0.0035511674565882	287.58
0.0054455182844827	0.0025994953708617	-0.0014072154388177	-0.0008137249197864	-0.0010130221861296	0.0035552066434591	287.62
0.0055585265263085	0.0025411238836042	-0.0012257952845336	-0.000792844186243	-0.000938230886311	0.0035543854538881	287.66
0.0056542896245197	0.002478690807507	-0.0010119854445577	-0.0007971317612988	-0.0008692802692786	0.003545074638976	287.7
0.0056817664985482	0.0024597975323109	-0.0007905761527199	-0.0008095790301599	-0.0008031975300684	0.0035417531905198	287.74
0.005672075524753	0.0024481243738343	-0.000615957467076	-0.0007991441389754	-0.0007376292904631	0.0035307452301338	287.78
0.0057354518632619	0.002399623939517	-0.0004225821932041	-0.0008055838879238	-0.0006769701158223	0.0035198151530039	287.82
0.0056910216914838	0.0024105605756109	-0.0002149349954134	-0.0008188817179752	-0.000616072339423	0.0035121594064258	287.86
0.0056661099686911	0.0024098376950848	-4.902708290520815e-05	-0.0008026616506065	-0.0005495863552454	0.0035033125362173	287.9
0.0056678547624413	0.002379702193941	0.0001487155450288	-0.0007970090658443	-0.0004794293988562	0.0034838833963403	287.94
0.0055835264832831	0.002374243078503	0.0003628972876814	-0.0008067379738659	-0.0004139673731776	0.0034519401665557	287.98
0.0054525314237359	0.00238608294261	0.0005129266861558	-0.0007957018000148	-0.0003562559761719	0.0034158149019116	288.02
0.0053954139266001	0.0023545605938526	0.0006489089264986	-0.0007877120742601	-0.0003052858002795	0.0033756971357708	288.06
0.0052990033646132	0.0023426955245976	0.0008281324946879	-0.0008068180760866	-0.000257791432749	0.0033354418837026	288.1
0.0051024520215963	0.0023626370771155	0.0009609919808497	-0.0008169972881494	-0.000219936883341	0.0032826833690771	288.14
0.0049473984302428	0.0023748649420456	0.0010265742342556	-0.0008085412460234	-0.000192298057209	0.003238736253519	288.18
0.0047999311271032	0.0023798076427722	0.0010665682217128	-0.0007927469417831	-0.0001683775334053	0.0031924999288994	288.22
0.0046858554527458	0.00236413170705	0.0010965470432749	-0.0007883575731137	-0.0001553946635009	0.0031437802783275	288.26
0.0045552643205912	0.0023746526923914	0.0011118679138871	-0.0007883969999038	-0.0001502763862379	0.003106914682068	288.3
0.0044618431488672	0.0023746563988981	0.001108641703748	-0.000778281932263	-0.000144641603776	0.0030755463804275	288.34
0.0043880057486782	0.0023621663097009	0.0011246662286899	-0.0007836167705994	-0.0001428031180589	0.0030424559665907	288.38
0.0042644827121098	0.0023908962322396	0.0011182970626764	-0.0007807740053594	-0.000143053970314	0.0030200569157537	288.42
0.0042077935134522	0.0023865412500705	0.0010900726994665	-0.000762471921242	-0.0001403763212833	0.0029981288830779	288.46
0.0041436935801639	0.0023819088721008	0.001067045568439	-0.0007526842163489	-0.0001416076663574	0.0029735271067388	288.5
0.0041248757624228	0.0023688522159694	0.0010561122924725	-0.0007533999624862	-0.0001457543519258	0.002958535805268	288.54
0.004084444075536	0.0023762858756262	0.0010700969787122	-0.0007550480738998	-0.0001421523415858	0.0029498963457392	288.58
0.0040313084676347	0.0023682430245525	0.0010826693211293	-0.0007591264671746	-0.0001406392619735	0.002926709952055	288.62
0.0039619058410784	0.0023878200257725	0.0010728187107703	-0.0007593328992086	-0.0001440843119418	0.0029164076630576	288.66
0.0039317331284438	0.002385540317522	0.0010508681135237	-0.0007492434529962	-0.000144753926907	0.0029047604571115	288.7
0.003919186175605	0.0023781228234639	0.0010565549523758	-0.0007522120788597	-0.0001448166148521	0.0028956201214785	288.74
0.0038695501933937	0.0023860879027145	0.0010732025389952	-0.000761500558164	-0.0001453960172633	0.0028842429028966	288.78
0.0038018153283445	0.0024080970521463	0.0010514438426962	-0.0007544208432918	-0.0001480005784382	0.0028761156618734	288.82
0.0038094916246193	0.0024000939324965	0.0010368040612167	-0.0007442117411527	-0.0001461353577075	0.0028733786863121	288.86
0.0037718242670805	0.0024008887208107	0.0010455960379113	-0.0007437894793881	-0.0001429022600996	0.0028612564916455	288.9
0.0037483150991941	0.0023935090931345	0.0010508759788228	-0.0007532540289709	-0.0001474157178414	0.0028484609393558	288.94
0.0036958640744137	0.0024172831964748	0.0010460039132636	-0.0007595162011773	-0.0001532114558613	0.0028466374969579	288.98
0.0036748760919486	0.0024288180498125	0.0010275595993563	-0.0007473298395091	-0.0001513109456161	0.0028472524323797	289.02
0.0036608994471661	0.0024211630038021	0.0010197370865559	-0.0007400384227061	-0.0001490941216971	0.002837473771723	289.06
0.0036542306811069	0.0024135087040655	0.0010332163413727	-0.0007528728412018	-0.0001530927467467	0.0028301496319903	289.1
0.00359533232321	0.0024431445738084	0.0010296677353343	-0.0007550836804063	-0.0001557533120838	0.0028300558304107	289.14
0.0036007929101851	0.0024365390516644	0.0010248022657078	-0.0007502075649525	-0.0001541484202553	0.0028275024801674	289.18
0.0035503116996082	0.0024506657368985	0.0010239477846961	-0.0007506819062432	-0.0001547498705406	0.0028199339926072	289.22
0.003550598368017	0.0024458855026568	0.0010224696960814	-0.0007533265950449	-0.0001570025919149	0.0028168543664325	289.26
0.0034975200489604	0.0024642352791785	0.0010250923311013	-0.0007578095913099	-0.0001590992774003	0.002811218667966	289.3
0.0034620071807965	0.0024738469734276	0.0009920021179462	-0.0007495761840073	-0.0001647425912039	0.0028056760016501	289.34
0.0034795371714303	0.0024659667999467	0.0009792376678265	-0.0007511836990948	-0.0001700975414663	0.0028063287839964	289.38
0.0034492812910144	0.0024791179882476	0.0009818951365954	-0.000757236114543	-0.0001732253697945	0.0028049044442064	289.42
0.0034386397636569	0.002480765928345	0.0009778279338127	-0.0007626975915882	-0.0001782179930904	0.0028024260603082	289.46
0.0034077499604277	0.0024987431805138	0.0009746901159909	-0.0007682287561663	-0.0001829451096593	0.0028039926232645	289.5
0.0033307166394891	0.0025335060123428	0.0009117674224984	-0.0007605495670115	-0.0001989748731589	0.0028012133947345	289.625
0.0033427732594358	0.0025355393852958	0.0008519095450139	-0.00076680420834	-0.0002232300511269	0.0028066126883173	289.75
0.0033415550551239	0.0025565004088244	0.0008321355439237	-0.0008070463627799	-0.0002565988335813	0.0028201259520433	289.875
0.0033171285826325	0.002633623103031	0.0008030061692264	-0.0008352685701391	-0.0002851263411199	0.0028631471262042	290.0
0.0033181554290981	0.002695424575788	0.0007559107748391	-0.0008356057039403	-0.0003011649711297	0.0029045421133356	290.125
0.0033410902411873	0.0027508315305526	0.0007038241100876	-0.0008334579584837	-0.0003172288301088	0.0029490434599881	290.25
0.0034149199474076	0.0028024313413607	0.0006741193239598	-0.000836415271415	-0.0003291681170734	0.0030081086288192	290.375
0.0034943957933033	0.0028641489249542	0.0006999567594844	-0.0008464596431645	-0.0003271634758224	0.0030757884919574	290.5
0.0035198022988454	0.0029466830003517	0.0007537047942171	-0.0008529940341682	-0.0003134551342174	0.0031391397826661	290.625
0.0034889554168103	0.0030549992639533	0.0007490500772645	-0.0008213558757109	-0.0002940037968837	0.0032007245029592	290.75
0.0035875284605637	0.0030956445782621	0.0007427639492191	-0.0007833687039339	-0.0002708839227056	0.0032608215480559	290.875
0.0036563703939958	0.0031554542244331	0.0008141904237929	-0.00077926782496	-0.0002441747546537	0.0033236650279641	291.0
0.0036574419875622	0.0032572574039172	0.0008866539311856	-0.0007623504524707	-0.0002086042523037	0.0033916415531562	291.125
0.0036645679235134	0.0033541870437009	0.0009318698958595	-0.0007090434963703	-0.0001580147624527	0.0034584139581806	291.25
0.0036901895107932	0.0034152680118908	0.0009842922925174	-0.0006491990166297	-0.000100662697409	0.0035075884940788	291.375
0.0037010610111043	0.0034748429713384	0.0010575908112993	-0.0006062076127013	-4.749384172932538e-05	0.003550807862541	291.5
0.0036683526301463	0.0035610742269405	0.0011143512940218	-0.0005545901392728	5.850862776604434e-06	0.003597099238812	291.625
0.0036627621980357	0.0036312938644532	0.0011476249959088	-0.0004833179962691	6.436310076669027e-05	0.0036418604687618	291.75
0.0036760493888549	0.0036840798356771	0.0011979026641419	-0.0004174783291283	0.0001249766756249	0.003681382687606	291.875
0.0036687369344202	0.0037525479457397	0.0012720406813009	-0.000355968123323	0.000190726952626	0.0037244029119634	292.0
0.0036068080255214	0.0038367227609425	0.001316900634957	-0.0002663197293285	0.0002653355410066	0.0037595165996592	292.125
0.0036036345435791	0.0038714306704179	0.001348768398378	-0.0001698811307538	0.0003400912874963	0.0037815022639818	292.25
0.0035589071375109	0.0039228558106688	0.0013851250193794	-8.281130811945132e-05	0.0004101309591604	0.0038006390815994	292.375
0.0035294040773923	0.0039715368120448	0.0013931519267075	2.2109031097607072e-05	0.0004825139206991	0.0038230650401038	292.5
0.0035329869553727	0.0039932742933357	0.0014054229664339	0.0001332077375688	0.0005604248372214	0.0038387054743644	292.625
0.0035322164285823	0.004005341005818	0.001433420797148	0.0002383988556413	0.0006396935986145	0.0038464629056963	292.75
0.0035276110306987	0.0040087927673481	0.0014638541694709	0.0003399597723974	0.0007173701024718	0.0038472092091167	292.875
0.0035275830108488	0.0040057550104235	0.0014982603594988	0.0004386955196574	0.0007945036700984	0.0038451818348383	293.0
0.0035246616524626	0.0039940320294112	0.001542610652464	0.0005344264267697	0.0008729811598459	0.0038364152942542	293.125
0.0034886932760132	0.0039561661878965	0.0016158647800546	0.0006863265965781	0.0009984717893897	0.0037991847623751	293.35
0.0034412469031401	0.003904720361793	0.0017230178204212	0.0009108727829578	0.0011835954532536	0.0037490823234249	293.7
0.0033484409713284	0.0037963544894837	0.0018182974797647	0.0011395719580486	0.0013674916740891	0.0036459426438206	294.05
0.0032648037694681	0.0035765338597261	0.0019019353694133	0.0012751753845001	0.0014856450162491	0.0034718527095609	294.4
0.0030942583757138	0.0034552441285687	0.0019091488135302	0.0013288250286637	0.0015237008843936	0.0033340229526187	294.75
0.0030856428542827	0.0033286165879289	0.0018770364780868	0.0013599708841611	0.0015336049833062	0.0032470252256234	295.1
0.0030648601785882	0.0032619017087108	0.0018925758683355	0.0013693571476835	0.0015450573559756	0.0031957329029833	295.45
0.0030617320415148	0.0032168932940026	0.0019194228606078	0.0013940045507295	0.0015704427761988	0.003164789283674	295.8
0.0030709438800233	0.0031708372143678	0.0019789806638264	0.0014285773687568	0.0016134063526608	0.003137292660762	296.15
0.0030494083476924	0.0031161807414665	0.0020681839982308	0.0014554881692768	0.0016612349559636	0.0030937572006037	296.5
0.002990480813265	0.0030765298319783	0.0021602328965441	0.0014747314313963	0.0017049265009704	0.0030476344781769	296.85
0.0028973501103162	0.0030359913709782	0.002227760809515	0.0014910712093041	0.0017384561719909	0.002989434907127	297.2
0.0028119925294842	0.0029972641054892	0.0022700810781531	0.001489656739375	0.0017517277743854	0.0029350483356148	297.55
0.0027259837405105	0.0029968271380037	0.0023034656520289	0.0014823809998299	0.0017581060502968	0.0029058767164102	297.9
0.0026287482103874	0.0030202795465268	0.0023177117605432	0.0015014937032907	0.0017755845666086	0.0028888006114276	298.25
0.0025474579008182	0.0030238979570515	0.0023094524938189	0.001538239220562	0.0017972171477871	0.0028639069277817	298.6
0.0024919910354556	0.0030263760631698	0.0023058231239522	0.0015718259138911	0.0018183067017768	0.0028469263342808	298.95
0.002410423524098	0.0030448274450267	0.0022936318232444	0.0016194857732358	0.0018458680299879	0.0028317908410693	299.3
0.0023626201490144	0.0030354815406826	0.0022687723681046	0.0016753388928055	0.0018746175765069	0.0028095309533324	299.65
0.0023093909153811	0.0030316742991747	0.0022423570697085	0.0017275866472734	0.0019004498061713	0.0027891270575707	300.0
0.0022787142312438	0.0030206282133361	0.0022099871967851	0.0017841384030138	0.0019271412386423	0.0027714893982249	300.35
0.0022599603556489	0.0030023561583694	0.0021851900647957	0.0018381023586997	0.0019546571292303	0.0027530551076278	300.7
0.0022466503372816	0.0029854703401055	0.0021684811363108	0.0018892551209396	0.001983021144723	0.0027373693973801	301.05
0.0022350697536897	0.0029710582879348	0.0021570285617549	0.0019456382304575	0.0020166244274289	0.0027239088057614	301.4
0.0022291461970741	0.0029438548937925	0.0021521127949612	0.0020041009588857	0.0020538042469379	0.0027038508705551	301.75
0.0022215380860998	0.0029137503044138	0.0021557482408171	0.0020585349879549	0.0020911797882058	0.0026813012450029	302.1
0.0022079813302874	0.0028800323758538	0.0021613025402039	0.0021106112582749	0.0021276339928886	0.0026543532127812	302.45
0.0022049317843863	0.0028418361161528	0.0021811546107154	0.0021558112181037	0.0021643213833093	0.0026279587184369	302.8
0.0021592850853381	0.0028163409245429	0.0021992751153614	0.0022021754258636	0.0022012009160669	0.002595697652013	303.15
0.0021197155271856	0.0027851655129799	0.0021904941433476	0.0022598234866018	0.0022365417986717	0.0025617030791981	303.5
0.0021020022848987	0.0027371630779117	0.0021764789312966	0.0023190252186537	0.0022711569938329	0.0025238727259499	303.85
0.002091726104364	0.0026779251355424	0.0021717933452403	0.0023691530388515	0.0023028786613967	0.00248107604506	304.2
0.0020793785104718	0.0026149022386821	0.0021780755575209	0.002405174875029	0.0023289135758022	0.0024350696670966	304.55
0.002044981956224	0.0025677573167378	0.0021758828885322	0.0024424509431802	0.0023529356998585	0.0023922059973135	304.9
0.0020291452988398	0.0024989616438033	0.0021590191914792	0.0024809756654759	0.0023728601350821	0.0023411935355523	305.25
0.002032692919037	0.0024272243125258	0.0021541252864217	0.0025053669491823	0.0023874172136555	0.0022947387571228	305.6
0.0020210226106117	0.0023568261496699	0.0021584428897283	0.0025180565329914	0.0023972953249735	0.0022440607236658	305.95
0.0020125562456018	0.0022934751389459	0.0021629332592516	0.0025231946239349	0.0024022157965266	0.0021991419186704	306.3
0.0019933975211217	0.0022351474320091	0.0021620113571227	0.0025274469178459	0.0024047314412677	0.0021539671969219	306.65
0.0019971713397775	0.0021691447515794	0.00216693230423	0.0025232247606501	0.0024035799044354	0.0021113954500746	307.0
0.0019753778516089	0.0021197211676025	0.0021766570062483	0.0025126433503626	0.0023998170765577	0.0020712496899442	307.35
0.0019627606285977	0.0020690038295782	0.0021773103463063	0.0025018776700429	0.0023928862432019	0.0020333275359528	307.7
0.0019550304966856	0.002024858848414	0.0021829147599447	0.0024866984572654	0.0023846866158828	0.0020014096652294	308.05
0.0019410923566907	0.0019888255275376	0.0021928983036713	0.0024729427178045	0.0023789020032119	0.0019727958560102	308.4
0.0019197646042557	0.0019525869328173	0.0021976656280177	0.0024609650282921	0.00237254727066	0.0019415649633236	308.75
0.0019055155480613	0.0019201460989372	0.0021968704916604	0.0024501695675905	0.0023651098093512	0.0019152325390202	309.1
0.0018992723015842	0.0018844624529789	0.0022016287521624	0.0024397410953337	0.0023597806261015	0.001889435654721	309.45
0.0018875054702418	0.0018468095580241	0.0022163122802006	0.0024217068450037	0.0023527336462885	0.001860476387856	309.8
0.0018541031653642	0.001824897273714	0.0022201167501657	0.0024034956090731	0.0023419156130498	0.0018347048586094	310.15
0.0018462442877383	0.0017980152153968	0.0022187784845179	0.002387942800035	0.0023311360976898	0.001814211639652	310.5
0.0018270512698974	0.0017805272534087	0.0022239155648138	0.0023742579128967	0.002323772223488	0.0017961509215904	310.85
0.0018099737540941	0.0017562062712401	0.0022251170720027	0.002362862974	0.0023166073741452	0.0017742619854536	311.2
0.0017971412104739	0.0017341546148344	0.0022316333925747	0.0023459595754255	0.0023075683377678	0.001755305901728	311.55
0.0017634892041781	0.0017257921233043	0.0022277436899101	0.0023360363827747	0.0022996708379543	0.0017384508978894	311.9
0.0017622695884352	0.001699664463303	0.0022208598732644	0.0023282422910698	0.0022921826658359	0.0017206883190555	312.25
0.0017504394899213	0.001680487532984	0.0022288844027563	0.0023110923202037	0.0022834863122685	0.0017039773903548	312.6
0.0017269763207918	0.0016725474837231	0.002233180850769	0.0022978126601677	0.0022761086860196	0.0016908258050019	312.95
0.0017050181197845	0.0016607279910374	0.0022273980994347	0.0022914698747728	0.0022699544176052	0.0016756011317536	313.3
0.0016972433746861	0.0016437563358577	0.002223744470231	0.0022840297436426	0.0022637857522539	0.0016617178151629	313.65
0.0016829959747668	0.0016283564815615	0.0022279612755765	0.0022727136719186	0.0022576858206369	0.0016467049329767	314.0
0.001658825556401	0.0016182259833059	0.0022267196777553	0.0022613242573886	0.0022497039872405	0.0016318593173987	314.35
0.00164198676815	0.0016103411128867	0.0022178659212404	0.0022534459896796	0.0022414977833965	0.0016209677381697	314.7
0.0016336558591937	0.001600999811221	0.0022120613190527	0.0022487325377317	0.0022364178956229	0.0016119660962129	315.05
0.0016233523913692	0.0015882124986219	0.0022128797751551	0.002243503851335	0.0022332198684645	0.0016000126956667	315.4
0.0016044302337774	0.0015769445465009	0.0022134620501444	0.0022360927415388	0.0022284926524426	0.0015861745645377	315.75
0.0015793156327277	0.0015699493386783	0.0021993924249742	0.0022314037675712	0.0022206539653576	0.0015730957186971	316.1
0.00158681262912	0.0015567805381456	0.0021895576193842	0.002227342878263	0.002214654727777	0.0015668660542565	316.45
0.0015769952718503	0.0015469773853488	0.0021942075498399	0.0022212318327142	0.002212157408939	0.0015570579938668	316.8
0.001560503662885	0.0015382778623444	0.0021925321667697	0.0022167474243017	0.0022086161290111	0.0015457412807418	317.15
0.0015500444582123	0.0015290693309363	0.0021854613763337	0.0022147932494491	0.0022049435205086	0.0015361130272562	317.5
0.0015508154917015	0.0015128521429772	0.0021897140603506	0.0022083991969303	0.0022021247215217	0.0015256005574283	317.85
0.0015216596935166	0.0015099731487327	0.0021897396550101	0.0022025309782924	0.002198235563707	0.0015138976297136	318.2
0.001515246294387	0.0014992744024671	0.0021799170069225	0.0022015490203114	0.0021942849889036	0.0015046382558175	318.55
0.0015072918794462	0.001488049425694	0.0021794778059599	0.0021981654934539	0.0021918900904766	0.0014945110289208	318.9
0.0014876408436781	0.0014778812598721	0.0021734756280797	0.0021939702037352	0.0021870878494022	0.0014811590447766	319.25
0.0014847073391347	0.0014685768107306	0.0021653577890264	0.002190661988926	0.0021821650795869	0.0014739942999689	319.6
0.0014757262882524	0.0014549454248133	0.0021639013264831	0.0021854960896505	0.0021782450473881	0.0014619236779218	320.0
0.0014284986607632	0.0014198322184461	0.0021459777467333	0.0021669531381593	0.0021599094677113	0.001422742241578	321.5
0.0014013002676722	0.0013881168594712	0.002124547847891	0.0021560811175112	0.0021454918359153	0.0013925441220097	323.0
0.0013771144337455	0.0013521911599148	0.0021123266556345	0.0021509407233402	0.0021379741356259	0.0013605612010834	324.5
0.0013522169283022	0.001306766549954	0.0021063157737513	0.0021415813208814	0.0021297392476356	0.0013220288303619	326.0
0.0013217688611996	0.0012684871770637	0.002100320320675	0.0021277026688747	0.0021185076683867	0.0012863797699499	327.5
0.0012990132942144	0.0012280708595758	0.002098226017966	0.0021126978849231	0.002107838547504	0.0012518937746037	329.0
0.0012639308566641	0.0011906594247965	0.0020993910943985	0.0020938386948323	0.0020957034014546	0.0012152640657358	330.5
0.0012274970310553	0.0011588425719766	0.0020954063487922	0.0020758527216926	0.0020824189352178	0.0011818971242104	332.0
0.0011942171357297	0.0011230851950411	0.0020929904816528	0.0020570070327104	0.0020690905462922	0.0011469717182106	333.5
0.001149394349088	0.0010916494778366	0.0020899098720101	0.0020342743013861	0.0020529571538556	0.0011110405551959	335.0
0.0010988580970882	0.0010651051227595	0.0020751880805605	0.0020123490414009	0.0020334508364978	0.0010764394935536	336.5
0.0010556712707342	0.0010372843003525	0.0020510876603935	0.0019907616638657	0.0020110195862916	0.0010434587737579	338.0
0.0010133163785146	0.0010104273196221	0.0020186597997803	0.0019660076858421	0.0019836885538193	0.0010113972782396	339.5
0.0009782950728283	0.0009840224685373	0.001976400275756	0.0019363495063089	0.001949798799431	0.000982099580486	341.0
