beta_para	beta_perp	delta_para	delta_perp	delta	beta	energy
0.0006035172	0.0006035172	0.0023981448000000003	0.0024865404	0.0027757368	0.0007022052	260.0
0.0006019296	0.0006019296	0.0023854692	0.0024747624	0.002761914	0.0007003572	260.3
0.0006003468	0.0006003468	0.0023727528	0.0024629316	0.0027480288	0.0006985164	260.6
0.0005987712000000001	0.0005987712000000001	0.0023599356	0.0024510624	0.0027340776	0.0006966828	260.9
0.0005972004	0.0005972004	0.0023470788	0.0024391344	0.0027200592	0.0006948540000000001	261.2
0.0005956344	0.0005956344	0.0023341068	0.0024271668	0.0027059688	0.0006930336	261.5
0.0005940744	0.0005940744	0.0023210964	0.002415132	0.0026918052	0.0006912180000000001	261.8
0.0005925203999999999	0.0005925203999999999	0.0023079564	0.0024030552	0.0026775647999999997	0.0006894108	262.1
0.0005909724	0.0005909724	0.0022947792	0.0023909051999999997	0.002663244	0.0006876084000000001	262.4
0.0005894292	0.0005894292	0.0022814568	0.0023787108	0.0026488404	0.0006858132	262.7
0.0005878919999999999	0.0005878919999999999	0.0022680996	0.0023664348	0.0026343504000000003	0.000684024	263.0
0.0005863596	0.0005863596	0.0022545791999999997	0.0023541131999999998	0.0026197691999999997	0.000682242	263.3
0.0005848332	0.0005848332	0.0022410228	0.0023417004	0.0026050944	0.0006804647999999999	263.6
0.0005833128	0.0005833128	0.0022272912	0.0023292335999999998	0.0025903175999999997	0.000678696	263.9
0.0005818068	0.0005818068	0.0022135116	0.0023166744	0.00257544	0.000676944	264.2
0.000580308	0.000580308	0.0021995652	0.0023040624	0.0025604639999999997	0.0006752004	264.5
0.0005788152	0.0005788152	0.0021855563999999997	0.0022913568	0.0025453848	0.0006734627999999999	264.8
0.000577326	0.000577326	0.002171376	0.0022785887999999996	0.002530194	0.0006717312	265.1
0.000575844	0.000575844	0.0021571152	0.0022657199999999997	0.0025148892	0.0006700056	265.4
0.0005743667999999999	0.0005743667999999999	0.002142678	0.0022527792	0.0024994632	0.0006682872	265.7
0.0005728943999999999	0.0005728943999999999	0.0021281424	0.0022397339999999997	0.0024839124	0.0006665735999999999	266.0
0.0005714268	0.0005714268	0.0021134268	0.0022266072	0.0024682320000000003	0.0006648672	266.3
0.000569964	0.000569964	0.0020985924	0.0022133699999999997	0.0024524171999999998	0.0006631656	266.6
0.0005685072	0.0005685072	0.0020835731999999997	0.0022000404	0.0024364596	0.00066147	266.9
0.0005670564	0.0005670564	0.0020684136	0.0021865968	0.0024203568	0.0006597816	267.2
0.0005656092	0.0005656092	0.0020530632	0.0021730488	0.0024040992	0.000658098	267.5
0.000564168	0.000564168	0.0020375496	0.0021593795999999997	0.002387682	0.0006564204	267.8
0.0005627304	0.0005627304	0.002016	0.0021455904	0.0023710956	0.0006547488	268.1
0.0005613059999999999	0.0005613059999999999	0.002004	0.002131674	0.002354334	0.0006530916	268.4
0.0005598912	0.0005598912	0.001989828	0.0021176327999999998	0.0023373972	0.0006514439999999999	268.7
0.00055848	0.00055848	0.0019735116	0.002103462	0.002320278	0.0006498036	269.0
0.0005570736	0.0005570736	0.001956984	0.0020891508	0.0023029656	0.0006481668	269.3
0.0005556732	0.0005556732	0.0019402128	0.0020746992	0.0022854516	0.0006465371999999999	269.6
0.0005542775999999999	0.0005542775999999999	0.0019232171999999997	0.0020600915999999998	0.0022677264	0.0006449124	269.9
0.0005528855999999999	0.0005528855999999999	0.0019059444	0.0020453352	0.0022497804	0.0006432947999999999	270.2
0.0005514996	0.0005514996	0.0018884364	0.0020304071999999998	0.002231604	0.0006416820000000001	270.5
0.0005501184	0.0005501184	0.0018706139999999998	0.0020153208	0.0022131876	0.0006400739999999999	270.8
0.0005487408	0.0005487408	0.0018525408	0.0020000436	0.0021945204	0.000638472	271.1
0.0005473692	0.0005473692	0.0018341147999999998	0.0019845996	0.0021755916	0.000636876	271.4
0.0005460012	0.0005460012	0.0018154235999999998	0.001968948	0.0021563916	0.0006352848	271.7
0.0005446391999999999	0.0005446391999999999	0.0017963363999999999	0.0019531248	0.0021369108	0.0006336984000000001	272.0
0.0005432808	0.0005432808	0.0017769803999999998	0.0019370867999999998	0.0021171492	0.000632118	272.3
0.0005419032	0.0005419032	0.0017572092	0.0019208964	0.0020971212	0.000630516	272.6
0.0005404104	0.0005404104	0.0017371008	0.0019044239999999998	0.0020767392	0.0006287796	272.9
0.0005389236	0.0005389236	0.0017164044	0.0018876732	0.0020559108	0.0006270491999999999	273.2
0.0005374415999999999	0.0005374415999999999	0.0016953264	0.0018705972	0.0020346732	0.0006253248	273.5
0.0005359644	0.0005359644	0.0016736327999999998	0.0018532668	0.0020130096	0.0006236064	273.8
0.0005344932	0.0005344932	0.0016515228	0.0018355884	0.0019909031999999997	0.0006218927999999999	274.1
0.0005330256	0.0005330256	0.0016287348	0.0018176339999999998	0.0019683312	0.0006201876	274.4
0.0005315652	0.0005315652	0.0016054596	0.0017993051999999998	0.0019452684	0.0006184872	274.7
0.0005301084	0.0005301084	0.001581444	0.001780668	0.0019216883999999999	0.0006167928000000001	275.0
0.0005286576	0.0005286576	0.0015568512	0.0017616251999999998	0.0018975599999999997	0.0006151044	275.3
0.0005272116	0.0005272116	0.0015314376	0.0017422332	0.0018728496	0.0006134208	275.6
0.0005257704	0.0005257704	0.00150534	0.0017224007999999999	0.0018475236	0.0006117444	275.9
0.000524334	0.000524334	0.0014783244	0.0017021736	0.0018215424	0.0006100740000000001	276.2
0.0005229036	0.0005229036	0.0014504988	0.0016814676	0.0017948663999999997	0.0006084084	276.5
0.0005214768	0.0005214768	0.0014216604	0.0016603355999999998	0.001767474	0.00060675	276.8
0.000519984	0.0005199912	0.001392	0.0016386816	0.0017393028	0.0006050184000000001	277.1
0.0005184156	0.0005184408	0.0013559999999999998	0.0016164611999999999	0.0017102076	0.0006032076	277.4
0.0005168556	0.0005168952	0.001332	0.0015935796	0.0016801008	0.0006014028	277.7
0.000515298	0.0005153568	0.001296	0.001570056	0.0016489392000000002	0.0005996052	278.0
0.0005137488	0.0005138219999999999	0.0012594611999999998	0.0015458172	0.0016166388000000002	0.0005978136000000001	278.3
0.0005122032	0.0005122932	0.0012224868000000001	0.0015208392	0.0015831023999999998	0.0005960291999999999	278.6
0.0005106624	0.0005107703999999999	0.0011836644	0.0014950464	0.0015482148	0.0005942508	278.9
0.0005091287999999999	0.0005092524	0.001142766	0.0014683763999999999	0.0015118428	0.0005924772	279.2
0.0005076012	0.000507738	0.0010995528	0.0014407368	0.0014738232	0.0005907108	279.5
0.0005060748	0.0005062332	0.0010537932	0.0014119667999999998	0.0014339507999999999	0.0005889516	279.8
0.000504558	0.0005047296	0.0010054368	0.0013813007999999999	0.00139158	0.0005871972	280.1
0.0005011812	0.0005069387999999999	0.0009526248	0.0013519128	0.0013483524	0.0005876004	280.4
0.0005002404	0.0005025683999999999	0.0008947164	0.001321932	0.0013029684	0.0005838456	280.7
0.0005005956	0.0004997856	0.0008342436	0.0012873696	0.0012528096	0.0005818247999999999	281.0
0.0004967244	0.0004995408	0.0007668492	0.0012523235999999998	0.0011997072	0.0005801339999999999	281.3
0.000497778	0.0004961232	0.00069039	0.0012155988	0.0011417868	0.0005778911999999999	281.6
0.0005058419999999999	0.0004937219999999999	0.0006134124000000001	0.0011742372	0.0010798296	0.0005791572	281.9
0.0004972248	0.0004974959999999999	0.0005261507999999999	0.001133754	0.001014858	0.0005787419999999999	282.2
0.0004986671999999999	0.0004936608	0.00041989919999999996	0.0010931604	0.0009423347999999999	0.0005763264	282.5
0.0005019887999999999	0.0004900812	0.00030141959999999997	0.0010464312	0.0008602944	0.0005748384	282.8
0.0005007756	0.0004892604	0.000209484	0.0010142196	0.0007998204	0.0005737308	283.0
0.000500784	0.0004891092	0.00020321519999999999	0.0010125876	0.0007960752	0.0005736168	283.012
0.000500826	0.0004889136	0.00019635119999999998	0.0010107084	0.0007920048	0.0005734812	283.025
0.0005013611999999999	0.0004884444	0.00018936839999999998	0.0010090992	0.0007879979999999999	0.0005733251999999999	283.038
0.000502152	0.00048754919999999995	0.00018320039999999998	0.0010073412	0.0007843403999999999	0.0005729376	283.05
0.000503034	0.00048625679999999996	0.00017702999999999998	0.0010049664	0.0007801296	0.0005722764	283.063
0.000503634	0.0004851132	0.00017160719999999999	0.0010022304	0.0007759007999999999	0.0005716224	283.075
0.0005037888	0.0004843572	0.000166542	0.0009988788	0.0007713216	0.0005710968	283.087
0.0005031228	0.00048439319999999997	0.0001618704	0.0009946296	0.0007661087999999999	0.0005708652	283.1
0.0004989864	0.00048700919999999996	0.0001547388	0.000991134	0.000760734	0.00057129	283.113
0.0004988268	0.0004886724	0.0001462092	0.0009903552	0.0007568375999999999	0.0005725188	283.125
0.0004960764	0.0004898556	0.0001374588	0.0009899508	0.0007531956	0.00057237	283.137
0.0005020644	0.0004867464	0.000129216	0.000988704	0.0007488072	0.00057228	283.15
0.0005027375999999999	0.0004867632	0.0001239108	0.0009859116	0.0007448616	0.0005725548	283.163
0.0004983084	0.000486798	0.00011771999999999999	0.0009834504	0.000740586	0.000570864	283.175
0.0004968432	0.00048762359999999995	0.00010728	0.0009817956	0.0007350348	0.000570936	283.188
0.0005004995999999999	0.00048601439999999997	9.9e-05	0.0009795683999999998	0.0007301544	0.0005711052	283.2
0.0005005884	0.00048689279999999995	9.287999999999999e-05	0.0009767088	0.0007255584	0.0005718216	283.212
0.000499146	0.000488148	8.328e-05	0.0009757463999999999	0.0007210356	0.0005722356	283.225
0.0005035727999999999	0.0004864284	7.476e-05	0.0009744108	0.00071685	0.0005726183999999999	283.238
0.000499248	0.00048785999999999995	6.588e-05	0.0009735732	0.000712758	0.000572052	283.25
0.00050517	0.0004847388	5.7e-05	0.0009723684	0.0007083504	0.0005719272	283.262
0.0005109515999999999	0.00048101759999999997	4.9439999999999994e-05	0.0009695268	0.0007032912	0.0005712839999999999	283.275
0.0005118048	0.00048048119999999996	4.4999999999999996e-05	0.0009647484	0.0006977460000000001	0.0005711988	283.288
0.0005157492	0.00047957999999999996	4.3079999999999994e-05	0.000959784	0.0006931404	0.0005720292	283.3
0.0005033928	0.0004850316	3.6599999999999995e-05	0.0009566628	0.0006881219999999999	0.0005714651999999999	283.313
0.0005086908	0.00048322919999999996	1.9679999999999998e-05	0.0009585635999999999	0.0006833964	0.0005721227999999999	283.325
0.0005146104	0.0004795068	1.56e-05	0.0009545735999999999	0.0006784979999999999	0.0005715312	283.337
0.0005112216	0.0004827252	7.691999999999999e-06	0.0009516096	0.0006729324	0.000572712	283.35
0.00051846	0.0004797804	1.776e-06	0.0009484776	0.0006685284000000001	0.0005732352	283.363
0.0005184852	0.0004795896	-1.4760000000000001e-06	0.0009446604	0.0006641412	0.0005730971999999999	283.375
0.0005142036	0.00048209999999999995	-7.139999999999999e-06	0.0009415488	0.0006597756	0.0005733852	283.387
0.000511272	0.00048318359999999997	-1.1964e-05	0.0009391116000000001	0.0006555216	0.0005730876	283.4
0.00050382	0.0004842384	-2.58e-05	0.0009379764	0.0006496836	0.0005710164	283.413
0.0005048712	0.00048543359999999995	-3.8639999999999996e-05	0.0009374424000000001	0.0006444096	0.0005723508	283.425
0.0005094492	0.000480972	-5.171999999999999e-05	0.0009367704	0.0006386352	0.0005706648	283.438
0.000515886	0.00047978279999999994	-5.675999999999999e-05	0.0009322871999999999	0.0006328872	0.0005722392	283.45
0.0005147076	0.0004807008	-6.324e-05	0.0009293604	0.0006286967999999999	0.0005724947999999999	283.462
0.0005069664	0.00048283559999999997	-7.416e-05	0.0009279431999999999	0.0006233483999999999	0.0005711484	283.475
0.0005203728	0.0004755972	-8.196000000000001e-05	0.0009231491999999999	0.0006164399999999999	0.0005707332	283.488
0.0005120004	0.00048217439999999996	-8.628e-05	0.0009185375999999999	0.0006111096	0.0005725872	283.5
0.0005064755999999999	0.0004842888	-9.935999999999998e-05	0.0009194952000000001	0.0006068148	0.0005720844	283.512
0.0005092008	0.0004811436	-0.0001158	0.0009193067999999999	0.0006001788	0.000570702	283.525
0.0005180508	0.0004786968	-0.0001258812	0.0009158603999999999	0.0005937659999999999	0.0005722368	283.538
0.0005138652	0.0004807248	-0.000134802	0.0009137844	0.0005886384	0.0005721864	283.55
0.0005245416	0.0004755168	-0.00014335679999999998	0.0009103259999999999	0.0005829276	0.0005722883999999999	283.563
0.000521772	0.00047503679999999997	-0.00015022199999999999	0.0009055224	0.000576426	0.0005708412	283.575
0.0005216616	0.00047823719999999997	-0.000158016	0.0009015528	0.0005698944	0.0005732808	283.587
0.0005207328	0.00047948999999999995	-0.0001684644	0.000900192	0.0005650728	0.0005738916	283.6
0.0005226263999999999	0.00047729879999999997	-0.0001806996	0.0008988887999999999	0.0005592348	0.0005729268	283.613
0.0005248608	0.0004759776	-0.0001880976	0.0008941283999999999	0.0005527367999999999	0.0005727684	283.625
0.0005242656	0.00047795999999999993	-0.00019688760000000002	0.0008910252	0.0005469336	0.0005740764	283.637
0.0005235924	0.0004778472	-0.0002070192	0.0008884068	0.0005411508	0.0005737272	283.65
0.0005190348	0.0004796736	-0.0002202444	0.0008866032	0.0005346659999999999	0.0005733756	283.663
0.000526248	0.0004755084	-0.0002317308	0.0008839608	0.000527976	0.0005729436	283.675
0.0005255183999999999	0.000477252	-0.00024048479999999998	0.0008794968	0.0005211383999999999	0.0005740128	283.688
0.0005224607999999999	0.0004780704	-0.000255036	0.0008787984	0.0005149271999999999	0.0005734608	283.7
0.0005290404	0.0004750656	-0.000263628	0.0008739179999999999	0.0005079672	0.0005736816	283.712
0.000522024	0.0004794828	-0.0002776908	0.0008716932000000001	0.00050064	0.0005743872	283.725
0.0005313984	0.0004754208	-0.0002908164	0.0008687316	0.0004933343999999999	0.0005748732	283.738
0.0005361204	0.0004743156	-0.0002991156	0.0008643348	0.0004866024	0.0005758476	283.75
0.0005261316	0.00048031559999999997	-0.0003084588	0.0008606028	0.00048012	0.0005766263999999999	283.762
0.0005303052	0.0004795656	-0.00032311799999999995	0.0008591784	0.0004733112	0.0005776631999999999	283.775
0.0005279232	0.0004815948	-0.00033881399999999994	0.0008588303999999999	0.0004670916	0.0005783136	283.788
0.0005367876	0.00047630039999999995	-0.0003496296	0.0008559324	0.0004606884	0.000577644	283.8
0.0005320656	0.00047918879999999997	-0.0003571932	0.0008503392	0.0004534212	0.0005780532	283.813
0.0005269332	0.00048093239999999997	-0.0003734844	0.0008499455999999999	0.0004468908	0.000577416	283.825
0.0005277396	0.0004793424	-0.0003915744	0.0008489724	0.0004390044	0.0005764956	283.837
0.0005306556	0.0004786944	-0.00040923	0.0008467884	0.0004302432	0.0005771244	283.85
0.0005416968	0.0004735656	-0.0004229592	0.0008425427999999999	0.000422034	0.0005774268	283.863
0.0005380464	0.0004750548	-0.0004338732	0.000837366	0.00041363880000000003	0.0005771664	283.875
0.0005367659999999999	0.00047781719999999997	-0.00044672639999999997	0.0008331144	0.0004052304	0.0005788128	283.887
0.0005334323999999999	0.0004800144	-0.000467646	0.0008324076	0.0003965268	0.0005792244	283.9
0.0005381016	0.0004798596	-0.000488622	0.0008310491999999999	0.0003876468	0.0005809152	283.913
0.000538278	0.00048075719999999996	-0.0005099616	0.0008322131999999999	0.0003800112	0.0005816808	283.925
0.0005650848	0.0004679364	-0.0005245428	0.0008275451999999999	0.00037089480000000003	0.000582132	283.938
0.0005584584	0.00047344079999999994	-0.0005311644	0.0008205539999999999	0.00036257879999999996	0.0005838324	283.95
0.0005540868	0.0004763892	-0.0005453039999999999	0.0008171003999999999	0.0003549696	0.0005844228	283.962
0.0005526816	0.00047655599999999994	-0.0005706324	0.000817302	0.0003451548	0.0005840076	283.975
0.0005721996	0.00046974239999999996	-0.0005867676	0.0008131019999999999	0.00033542159999999996	0.0005862924	283.988
0.0005688192	0.00047109359999999994	-0.0005973816	0.0008062776	0.00032626920000000003	0.0005860296	284.0
0.0005686523999999999	0.000474396	-0.0006169092000000001	0.0008039676	0.00031699919999999995	0.0005885256	284.012
0.0005751516	0.00047130239999999997	-0.0006361463999999999	0.0008011451999999999	0.00030729479999999995	0.0005886468	284.025
0.0005764727999999999	0.00047184599999999994	-0.0006549552	0.0007961592	0.0002957784	0.0005895816	284.038
0.0005833559999999999	0.0004723848	-0.0006729816	0.0007925591999999999	0.0002860668	0.0005926692	284.05
0.000582288	0.00047415479999999996	-0.000693252	0.0007893984	0.00027610799999999995	0.000593628	284.063
0.0005922828	0.0004709808	-0.0007111728	0.0007856591999999999	0.000265908	0.0005950416	284.075
0.0005887128	0.00047502719999999995	-0.0007288427999999999	0.000781812	0.0002563608	0.000596796	284.087
0.0005912928	0.00047394959999999997	-0.0007618908	0.0007839876	0.0002449824	0.0005969604	284.1
0.0006137639999999999	0.00046444199999999997	-0.0007803647999999999	0.000776118	0.00023185919999999996	0.0005983008	284.113
0.0006087252	0.0004704024	-0.00079242	0.0007673304	0.0002206908	0.0006009696	284.125
0.0006101892	0.0004700844	-0.00081519	0.0007628867999999999	0.0002082852	0.0006012912000000001	284.137
0.0006151080000000001	0.00047375879999999996	-0.0008412276	0.0007585811999999999	0.0001945068	0.0006060492	284.15
0.0006141576	0.0004760328	-0.0008694731999999999	0.0007548168	0.000181164	0.0006074448	284.163
0.0006252552000000001	0.00047588759999999997	-0.0008974775999999999	0.0007522092000000001	0.0001672716	0.0006116352	284.175
0.0006323724	0.00047815799999999996	-0.00092313	0.0007482048	0.0001548	0.0006161579999999999	284.188
0.0006321144	0.00047860199999999996	-0.0009567648	0.0007472748	0.0001416	0.0006164016	284.2
0.0006527508	0.0004749276	-0.0009892968	0.0007425024	0.0001248	0.0006215556	284.212
0.000663642	0.00047619599999999997	-0.001014246	0.0007342236	0.00010836	0.0006267636	284.225
0.0006691571999999999	0.00048441359999999993	-0.0010479012	0.00073074	9.287999999999999e-05	0.0006352764	284.238
0.0006815412	0.00048420479999999996	-0.0010810764	0.000728556	7.931999999999999e-05	0.0006399168	284.25
0.0006965472	0.000482916	-0.0011154732	0.0007252716000000001	6.24e-05	0.0006447372	284.262
0.0007129668	0.0004885476	-0.0011542536	0.0007212	4.416e-05	0.0006554747999999999	284.275
0.0007356972	0.0004886748	-0.0011902392000000001	0.0007176	2.76e-05	0.0006643884	284.288
0.0007488719999999999	0.0004940147999999999	-0.0012325104	0.0007158275999999999	1.0272e-05	0.0006736404	284.3
0.0007867392	0.0004931232	-0.0012758867999999998	0.0007153956000000001	-7.308e-06	0.0006876359999999999	284.313
0.0008085252	0.0004966428	-0.001311654	0.0007126104	-2.34e-05	0.0006988151999999999	284.325
0.0008437212	0.0004996512	-0.001352256	0.0007132320000000001	-3.899999999999999e-05	0.000714798	284.337
0.0008989644	0.0004916111999999999	-0.0013871892000000001	0.0007102031999999999	-5.4000000000000005e-05	0.0007299876	284.35
0.0009344184	0.0004960187999999999	-0.0014163396	0.000704736	-7.068e-05	0.0007471572	284.363
0.0009698916000000001	0.0005043984	-0.0014490528	0.00070431	-8.388e-05	0.0007674143999999999	284.375
0.0010185084	0.0005055744	-0.0014843232	0.0007092156	-9.312e-05	0.0007871832	284.387
0.0010874364	0.0004964436	-0.001513086	0.0007128732	-0.00010151999999999999	0.0008068332	284.4
0.0011475972	0.0004906692	-0.0015197244	0.0007042152	-0.00011064	0.0008256876	284.413
0.0011895888	0.0004959239999999999	-0.0015343056	0.0007023408	-0.00011928	0.0008460491999999999	284.425
0.0012727572	0.0004881744	-0.0015382776	0.0007006488	-0.00012008279999999998	0.0008722944	284.438
0.0013132799999999998	0.0004844112	-0.001529892	0.0006959256	-0.0001205556	0.0008850911999999999	284.45
0.0013682699999999998	0.00048170759999999993	-0.0015155292000000001	0.0006888815999999999	-0.0001216608	0.0009043212	284.462
0.0014058684	0.0004804692	-0.0014989476	0.0006809171999999999	-0.00011988	0.0009179423999999999	284.475
0.00143163	0.00048356279999999994	-0.0014854235999999998	0.0006734916	-0.0001211052	0.0009303336	284.488
0.00146031	0.0004852584	-0.0014836392	0.0006694212000000001	-0.0001234188	0.0009427716	284.5
0.0014947824	0.0004856964	-0.0014754564000000001	0.0006648612	-0.0001240644	0.0009564815999999999	284.512
0.0015202115999999998	0.000488472	-0.0014663675999999999	0.0006610728	-0.00012308759999999998	0.0009684971999999999	284.525
0.001553148	0.00048436919999999997	-0.0014569764	0.000656256	-0.000122856	0.0009780888	284.538
0.0015724691999999998	0.00048402959999999996	-0.0014469732	0.0006487224	-0.000124542	0.0009853199999999998	284.55
0.0015881651999999997	0.0004866768	-0.0014399088	0.0006401928	-0.0001293096	0.0009934607999999999	284.563
0.0016053492000000001	0.0004924272	-0.0014378003999999998	0.0006345707999999999	-0.000132948	0.001004586	284.575
0.0016220628	0.000494364	-0.0014322264	0.0006291887999999999	-0.0001345788	0.0010125696	284.587
0.0016264524	0.0004994315999999999	-0.0014365896	0.0006237972	-0.000140508	0.0010182023999999999	284.6
0.0016459763999999999	0.0005035848	-0.0014498292	0.0006189216	-0.00014955359999999998	0.0010289976	284.613
0.0016638024	0.0005101799999999999	-0.0014558868	0.00061539	-0.0001543596	0.0010410264	284.625
0.0016744428	0.0005144724	-0.0014667815999999999	0.0006130775999999999	-0.0001596768	0.0010484831999999999	284.637
0.0016874627999999999	0.0005212223999999999	-0.0014861388	0.0006121595999999999	-0.00016878719999999998	0.0010587672	284.65
0.0017050116	0.0005282184	-0.0015148235999999998	0.0006139212	-0.000178038	0.0010710011999999999	284.663
0.001732776	0.0005286707999999999	-0.0015470748	0.0006170351999999999	-0.00018857759999999998	0.0010821204	284.675
0.0017901203999999998	0.0005248464	-0.0015748499999999998	0.0006170388	-0.0001997172	0.0011013936	284.688
0.0018346463999999998	0.0005254932	-0.0015776724	0.0006114095999999999	-0.0002050176	0.0011191644	284.7
0.001855518	0.0005340396	-0.0015933899999999999	0.0006118943999999999	-0.0002101668	0.0011338896	284.712
0.0019151867999999998	0.000525888	-0.001611582	0.0006103428	-0.00021875039999999998	0.0011507076	284.725
0.0019485972	0.0005377872	-0.0016279559999999998	0.0006084048	-0.0002278344	0.0011728955999999997	284.738
0.001993182	0.0005470668	-0.0016480836	0.0006140004	-0.0002314284	0.0011973852	284.75
0.0020723388	0.0005361888	-0.0016619784	0.0006211512	-0.0002302596	0.0012196476000000001	284.762
0.0021330072	0.0005335991999999999	-0.0016563552	0.000621102	-0.00022787519999999998	0.0012411683999999999	284.775
0.0021992064	0.0005278632	-0.0016528127999999999	0.0006236244	-0.0002248488	0.001262394	284.788
0.0022555896	0.0005244132	-0.0016358196	0.0006195888	-0.0002211684	0.0012815856	284.8
0.002323422	0.0005188139999999999	-0.0016249308	0.0006245472	-0.0002128728	0.0013035504	284.813
0.0023999988000000002	0.0004980012	-0.0015804912	0.0006136643999999999	-0.0002043804	0.0013171056	284.825
0.0024210983999999997	0.0005061575999999999	-0.0015399072	0.0006036504	-0.0001957968	0.001331616	284.837
0.0024462912	0.0005055084	-0.0015040284	0.0005943408	-0.000188472	0.0013408836000000002	284.85
0.0024755772	0.0005072195999999999	-0.0014824692	0.0005909796	-0.0001847676	0.0013535688	284.863
0.0024840648	0.0005205492	-0.0014766528	0.000596172	-0.0001770552	0.0013671996	284.875
0.0025599132	0.0004905443999999999	-0.0014568407999999999	0.0005957124	-0.000170292	0.0013733436	284.887
0.0025788300000000003	0.0004926431999999999	-0.001400064	0.0005703708	-0.00016729199999999998	0.0013823076	284.9
0.0025883988000000003	0.0005021784	-0.0013806792	0.0005674908	-0.0001624368	0.0013934148	284.913
0.0026082492	0.0005004851999999999	-0.0013596264	0.000562266	-0.0001577616	0.0013998011999999998	284.925
0.0026395871999999997	0.0004933692	-0.0013349184	0.0005534903999999999	-0.00015537479999999998	0.0014064347999999999	284.938
0.0026225424	0.000510546	-0.0013188972	0.0005471256	-0.0001539648	0.0014131488	284.95
0.0026525928	0.0005026452	-0.0013071875999999998	0.0005414112	-0.000153654	0.0014186736	284.962
0.0026608595999999996	0.0005067731999999999	-0.0012932039999999998	0.0005322456	-0.0001555524	0.0014250828	284.975
0.0026514971999999997	0.0005209079999999999	-0.0012943764	0.000528216	-0.000159186	0.001432416	284.988
0.0026759016	0.0005185512	-0.001311822	0.0005304611999999999	-0.0001642332	0.0014400527999999999	285.0
0.0026985312	0.0005199648	-0.0013119516	0.0005230031999999999	-0.00016998359999999998	0.0014499264	285.012
0.0027241008	0.0005209764	-0.0013174355999999998	0.0005162688	-0.0001767912	0.0014606268	285.025
0.0027210204	0.0005376468	-0.0013327032	0.0005113883999999999	-0.0001870224	0.0014723628000000001	285.038
0.0027578831999999997	0.000540744	-0.0013609668	0.0005126796	-0.00019771560000000001	0.0014890632	285.05
0.0027880584	0.0005516675999999999	-0.0013956276	0.000517134	-0.00020744279999999999	0.0015092387999999998	285.063
0.0028558067999999996	0.0005445432	-0.0014176032	0.00051702	-0.0002161356	0.0015299892000000001	285.075
0.0028884264	0.0005572716	-0.0014418023999999998	0.0005151168	-0.00022676399999999999	0.0015525132	285.087
0.002967906	0.0005631888	-0.0014946204	0.0005307984	-0.0002346648	0.0015879276	285.1
0.0030884579999999997	0.0005452235999999999	-0.0014955636	0.0005306795999999999	-0.00023657759999999998	0.0016207476	285.113
0.0031426272	0.0005624315999999999	-0.0014932848	0.0005285904	-0.000235482	0.0016551047999999997	285.125
0.00321519	0.0005663244	-0.00150954	0.0005402832	-0.0002346276	0.0016862676	285.137
0.0033404207999999996	0.000565866	-0.0015262703999999998	0.0005599236	-0.0002272248	0.0017344812	285.15
0.0034966871999999997	0.0005378436	-0.0015075048	0.000570852	-0.0002090172	0.0017733503999999998	285.163
0.0036386231999999998	0.0005133624	-0.0014523119999999999	0.0005689848	-0.0001898736	0.0018094092	285.175
0.0037480079999999997	0.0005033603999999999	-0.0013678776	0.00055512	-0.0001668924	0.0018440747999999999	285.188
0.0038453531999999998	0.000499278	-0.0012913368	0.0005485943999999999	-0.0001431588	0.0018786635999999998	285.2
0.0039245964	0.0005016036	-0.0012157968	0.0005483952	-0.00011411999999999998	0.0019112004	285.212
0.004045116	0.000484212	-0.0011253264	0.0005514708	-7.716e-05	0.0019444524	285.225
0.00416037	0.0004622292	-0.0010034556	0.000544212	-3.336e-05	0.0019721004	285.238
0.0042176292	0.00045361679999999995	-0.0008815355999999999	0.0005341884	6.084e-06	0.0019876284	285.25
0.0042897216	0.00043924439999999996	-0.0007590384	0.0005237568	4.464e-05	0.0020044404	285.262
0.0043668503999999995	0.000417816	-0.0006043056	0.0005020488	8.832e-05	0.0020177316	285.275
0.004395252	0.0004178184	-0.0004283076	0.000472476	0.0001334088	0.00202875	285.288
0.0043843392	0.000430326	-0.0002873892	0.0004578408	0.000177294	0.0020342183999999997	285.3
0.0043897752	0.0004279908	-0.0001506216	0.00044957279999999997	0.0002231184	0.0020345159999999997	285.313
0.0043791108	0.0004283964	-2.172e-05	0.00043783559999999996	0.00026480039999999996	0.0020306952	285.325
0.0043613496	0.000429672	0.00010499999999999999	0.0004262568	0.00030404039999999997	0.0020247959999999997	285.337
0.0043543956	0.0004243512	0.0002427204	0.0004135548	0.00034814279999999996	0.0020179703999999997	285.35
0.004284116399999999	0.00043694759999999996	0.0003714372	0.00040273319999999997	0.000391014	0.0020004852	285.363
0.0042691284	0.00042579959999999997	0.0004749792	0.0003958764	0.0004247232	0.0019860252	285.375
0.0042447564	0.00042081839999999997	0.0006168215999999999	0.0003740172	0.00046242599999999994	0.0019727088	285.387
0.0041541239999999995	0.0004279776	0.0007617012	0.00035063879999999996	0.0005003844	0.0019431108	285.4
0.0040497803999999995	0.0004485756	0.0008693399999999999	0.000331944	0.0005276604	0.0019186188	285.413
0.0039491388	0.00047491079999999994	0.0009395675999999999	0.0003338232	0.00055563	0.001900014	285.425
0.0038806284	0.0004744752	0.0010111224	0.0003394992	0.0005885736	0.0018731052	285.438
0.0038213531999999996	0.00046759439999999997	0.0010877712	0.00033832199999999995	0.00061875	0.0018447791999999998	285.45
0.0037376447999999994	0.00045906479999999997	0.001172856	0.0003276684	0.0006442307999999999	0.0018056976	285.462
0.003611634	0.0004663236	0.0012523224	0.0003077436	0.0006590088	0.0017624555999999998	285.475
0.0034796412	0.00048405599999999996	0.0012805919999999999	0.00030182399999999996	0.0006628836000000001	0.001725018	285.488
0.0034112663999999997	0.0004905539999999999	0.0012970296	0.00030012	0.0006695748	0.0017035403999999998	285.5
0.0033256056	0.0004993308	0.0013299168	0.00030350159999999995	0.0006848004	0.0016771248	285.512
0.0032483004	0.0004854828	0.0013597823999999998	0.00029922959999999996	0.0006950184	0.0016364004	285.525
0.0031540464	0.000489342	0.0013926047999999998	0.000289008	0.000697524	0.0016028388000000001	285.538
0.0030515087999999995	0.000499392	0.0014062836	0.00028240679999999997	0.0006990156	0.0015708672	285.55
0.0029579556	0.0005041116	0.0014045712	0.0002811144	0.0006950592	0.001538244	285.563
0.0029168363999999996	0.0004984032	0.0014233548	0.0002787696	0.0007001856	0.0015178691999999999	285.575
0.0027917892	0.0004991256	0.0014431284	0.0002651976	0.0006987984	0.0014699303999999999	285.587
0.0026951556	0.0005126664	0.0014042496	0.00026338079999999996	0.0006837144	0.0014429555999999999	285.6
0.002626536	0.000508326	0.0013846008	0.0002625168	0.0006742332	0.0014129747999999998	285.613
0.0025568532	0.0005087243999999999	0.0013631412	0.0002577684	0.0006621792	0.001386258	285.625
0.0024969251999999997	0.0005082096	0.001344246	0.0002508384	0.0006502632	0.0013626168	285.637
0.0024120684	0.0005130132	0.0013124232	0.0002462736	0.0006345168000000001	0.0013334316	285.65
0.0023434536	0.000516804	0.0012623748	0.00024492359999999996	0.0006129744	0.0013097604	285.663
0.0023221068	0.0005073479999999999	0.0012251676	0.0002397792	0.000593916	0.0012941472	285.675
0.0022766028	0.0005109648	0.001189404	0.00023578199999999997	0.0005780388	0.0012793032	285.688
0.0022590096	0.0004961592	0.0011711364	0.0002267064	0.0005637864	0.001260996	285.7
0.0021970956	0.0005044728	0.0011540856	0.00021006959999999997	0.0005441183999999999	0.0012434316	285.712
0.0021441299999999997	0.0005153423999999999	0.0011108796	0.0002047848	0.0005226612	0.0012313212	285.725
0.002119398	0.0005129183999999999	0.0010671648	0.0002014692	0.0005031528	0.0012198492	285.738
0.0021013308	0.0005108244	0.0010358976	0.0001952964	0.00048655439999999996	0.0012112164000000001	285.75
0.0020739048	0.0005111664	0.0010073712	0.0001885368	0.00047040959999999996	0.001200846	285.762
0.002048514	0.0005112432	0.0009788988	0.00017894879999999998	0.00045213839999999996	0.0011910576	285.775
0.0020187936	0.000513234	0.0009450012	0.000172266	0.0004335072	0.0011810748000000001	285.788
0.001998792	0.000512604	0.0009096744	0.0001649052	0.0004139988	0.0011728296	285.8
0.0019944168	0.0005097084	0.000878784	0.0001552224	0.0003946356	0.0011688864	285.813
0.0019625832	0.0005188824	0.0008542812	0.000146568	0.000378408	0.0011636556	285.825
0.001966518	0.00051165	0.0008268324	0.00013929359999999998	0.0003624576	0.001159572	285.837
0.0019404107999999999	0.0005170644	0.0007990476	0.0001301724	0.00034426319999999994	0.0011536464	285.85
0.001941492	0.000513438	0.0007786787999999999	0.00011784	0.0003269736	0.0011512523999999999	285.863
0.0019101	0.0005222784	0.0007545827999999999	0.00010811999999999999	0.0003098172	0.0011459352	285.875
0.001901076	0.0005265275999999999	0.000719514	0.00010343999999999999	0.0002931312	0.0011457312	285.887
0.0018988788	0.0005250876	0.0006916968000000001	9.696e-05	0.0002771652	0.001143762	285.9
0.0018781547999999998	0.000529464	0.0006164796000000001	6.911999999999999e-05	0.0002259624	0.0011391192	285.94
0.0018735264	0.00053211	0.00055161	3.852e-05	0.00017741399999999998	0.001139376	285.98
0.0018582828	0.0005407884	0.0004934844	5.987999999999999e-06	0.0001298136	0.0011401955999999999	286.02
0.0018526883999999998	0.0005492016	0.00043459559999999996	-2.7000000000000002e-05	8.124e-05	0.0011445516	286.06
0.0018475092	0.0005619792	0.00037660199999999997	-5.868e-05	3.396e-05	0.0011524548	286.1
0.0018568103999999999	0.0005698308	0.0003248832	-9.156e-05	-1.1279999999999999e-05	0.0011621519999999998	286.14
0.0018512448	0.0005839727999999999	0.0002721156	-0.000125136	-5.7719999999999996e-05	0.0011709636	286.18
0.0018686196	0.0005933256	0.0002152104	-0.0001575984	-0.00010524	0.001184958	286.22
0.0018969936	0.0005978172	0.0001760664	-0.00019875	-0.00015209999999999998	0.0011994456	286.26
0.0019046579999999998	0.0006164016	0.00014358239999999998	-0.0002443872	-0.00020024879999999999	0.0012168335999999998	286.3
0.0019194804	0.0006355176	0.00010464	-0.00028616519999999997	-0.0002477376	0.00123741	286.34
0.0019383852	0.0006529848000000001	7.044e-05	-0.00032983559999999994	-0.0002945292	0.0012582912	286.38
0.001952904	0.0006719496	3.792e-05	-0.0003783804	-0.0003447864	0.0012786336	286.42
0.0019731768	0.0006957936	5.832e-06	-0.00043096439999999996	-0.00039821279999999995	0.0013049904	286.46
0.0019907507999999997	0.000725052	-2.244e-05	-0.00048572519999999996	-0.00045154799999999997	0.001334502	286.5
0.0020164296	0.0007528547999999999	-4.176e-05	-0.0005477088	-0.0005069892	0.0013660284	286.54
0.0020141207999999997	0.0008004804	-6.036e-05	-0.0006133919999999999	-0.0005649839999999999	0.001402074	286.58
0.0020189784	0.0008477136	-8.411999999999999e-05	-0.000682962	-0.0006280655999999999	0.0014405951999999999	286.62
0.0019948836	0.0009241271999999999	-0.0001303164	-0.0007486956000000001	-0.0006973956	0.0014905236	286.66
0.0020209092	0.0009934212	-0.00017702280000000002	-0.0008120628	-0.0007647588	0.0015543672	286.7
0.0019957836	0.0010949868	-0.000226716	-0.0008720868	-0.0008303484	0.0016234056	286.74
0.0019905984	0.0012037235999999998	-0.0003182124	-0.0009120095999999999	-0.0008973035999999999	0.00170574	286.78
0.0020325072	0.0013086839999999998	-0.0004156884	-0.0009440676	-0.000960438	0.001803408	286.82
0.0020833571999999997	0.0014306484	-0.0005003352	-0.0009697907999999999	-0.0010135872	0.0019177368	286.86
0.0021359808	0.0015664248000000001	-0.0005927831999999999	-0.0009726744	-0.0010516716	0.0020434643999999997	286.9
0.0022290492	0.0016915524000000002	-0.000680328	-0.0009592871999999999	-0.0010757928	0.00217662	286.94
0.002310768	0.001836882	-0.0007700027999999999	-0.0009209868	-0.0010808064	0.0023210424	286.98
0.0024610139999999996	0.0019449683999999997	-0.0008485583999999999	-0.0008664696	-0.0010693704	0.0024631548	287.02
0.0026122092	0.0020725547999999997	-0.0008838648	-0.0007996392000000001	-0.0010314276	0.0026207604000000003	287.06
0.0027589055999999996	0.0021769968	-0.0008960268	-0.0007054392	-0.0009623052	0.002758668	287.1
0.0029171376	0.0022564487999999997	-0.0008751827999999999	-0.0006070488	-0.0008782428	0.0028816667999999996	287.14
0.0030256883999999996	0.0023432436	-0.0008410824	-0.0004907268	-0.0007725227999999999	0.0029910924	287.18
0.0031467444	0.0023762796	-0.0008111472	-0.00036472560000000003	-0.0006633948	0.0030636684	287.22
0.0032604887999999996	0.0024034764	-0.0007745028	-0.0002443608	-0.0005558351999999999	0.0031288787999999997	287.26
0.0033885732	0.0023963915999999997	-0.0007182743999999999	-0.0001280556	-0.0004421856	0.0031730592	287.3
0.0034908720000000003	0.0023706036	-0.0006347831999999999	-3.744e-05	-0.00034022279999999994	0.0031927319999999998	287.34
0.0035314367999999996	0.0023694444	-0.0005825412	5.448e-05	-0.0002480112	0.0032075652	287.38
0.0036484091999999997	0.0023152608	-0.0005416247999999999	0.00014155559999999998	-0.0001648176	0.0032109024	287.42
0.0037349543999999997	0.0022694472	-0.0004776108	0.0001990476	-9.552e-05	0.003208932	287.46
0.0038387279999999996	0.002224776	-0.0004097448	0.000245964	-3.336e-05	0.0032145288	287.5
0.0039293436	0.0021809448	-0.0003321228	0.00028332	2.58e-05	0.0032156736000000003	287.54
0.0040398432	0.0021364632	-0.00023833199999999998	0.00031054440000000003	8.256000000000001e-05	0.0032240268	287.58
0.0041275392	0.0020979071999999996	-0.0001226088	0.00033031559999999996	0.0001433928	0.003228132	287.62
0.0042085392	0.0020575835999999998	4.764e-06	0.0003440508	0.0002030016	0.0032282688	287.66
0.0042773832	0.0020143955999999998	0.0001551852	0.0003401556	0.000258408	0.0032214684	287.7
0.0042979404	0.0020016552	0.0003102084	0.0003309492	0.00031103759999999994	0.0032195592	287.74
0.0042921984	0.001993962	0.0004333632	0.00033709079999999996	0.00036447479999999994	0.0032113643999999997	287.78
0.0043381895999999994	0.0019604759999999996	0.0005693219999999999	0.00033190559999999995	0.0004126188	0.0032032283999999995	287.82
0.00430785	0.0019686036	0.0007166532	0.0003211068	0.0004612224	0.003197766	287.86
0.0042913212	0.0019685664	0.0008328624	0.00033199319999999995	0.0005143896	0.0031913256	287.9
0.0042936732	0.0019479156	0.000972294	0.00033490559999999997	0.000571578	0.00317622	287.94
0.0042350124	0.001944552	0.001123284	0.0003272316	0.0006247103999999999	0.0031508604	287.98
0.0041432292	0.0019533168	0.0012285888	0.00033447599999999995	0.000670968	0.0031220615999999995	288.02
0.0041037923999999995	0.0019316711999999999	0.0013248143999999998	0.00033897479999999997	0.0007116504	0.003089976	288.06
0.004036456799999999	0.0019238051999999999	0.0014508408000000002	0.0003248568	0.0007499364	0.0030577596	288.1
0.0038980188	0.0019382568	0.001544334	0.0003169404	0.0007802328	0.0030152772	288.14
0.0037889604	0.0019473011999999999	0.0015912132	0.0003216996	0.0008016599999999999	0.0029799947999999995	288.18
0.0036852276	0.0019512347999999999	0.0016186619999999999	0.0003322476	0.0008209271999999999	0.0029428152	288.22
0.0036051527999999998	0.0019406879999999999	0.0016397364	0.0003342408	0.0008303699999999999	0.0029035776	288.26
0.0035132999999999996	0.0019485408	0.0016499351999999998	0.00033348119999999996	0.000833292	0.0028740443999999998	288.3
0.00344781	0.0019490063999999998	0.0016476383999999998	0.0003394476	0.0008374211999999999	0.0028490064	288.34
0.003396204	0.0019406891999999999	0.0016585439999999999	0.0003349164	0.0008377644	0.0028225404	288.38
0.0033092411999999997	0.001961352	0.0016534284	0.00033594960000000003	0.0008366112	0.0028048392	288.42
0.0032697636	0.0019587552	0.001632342	0.0003483948	0.0008384363999999999	0.0027875148	288.46
0.0032249915999999997	0.0019559616	0.0016160039999999999	0.0003540612	0.0008363232	0.0027679836	288.5
0.003212418	0.0019472375999999999	0.00160791	0.000352794	0.0008315147999999999	0.00275634	288.54
0.003184452	0.0019529328	0.0016168728	0.0003510216	0.0008338092	0.0027499116	288.58
0.0031474248	0.0019477332	0.0016257036	0.00034708440000000003	0.0008345832	0.0027315168	288.62
0.0030987911999999997	0.0019619844	0.0016181003999999998	0.00034596119999999995	0.0008308511999999999	0.0027237096	288.66
0.003078078	0.0019608444	0.001602192	0.0003522144	0.000829524	0.0027147912	288.7
0.0030699132	0.0019560828	0.0016055783999999998	0.0003493644	0.0008287343999999999	0.0027079308	288.74
0.0030353064	0.001962162	0.0016171344	0.00034184639999999995	0.0008275488	0.0026992248	288.78
0.0029877756	0.0019781472	0.001600764	0.0003461796	0.000823908	0.0026931900000000003	288.82
0.0029940012	0.0019729727999999998	0.0015896844	0.00035254679999999997	0.0008244528	0.0026915916	288.86
0.002967882	0.0019740024	0.001595652	0.0003518352	0.0008277564	0.0026822592	288.9
0.0029518512	0.0019692636	0.001598964	0.000344418	0.0008216052	0.0026723663999999995	288.94
0.0029151527999999997	0.0019865136	0.0015948972	0.0003391296	0.0008167283999999999	0.0026715132	288.98
0.002900898	0.0019951307999999997	0.0015811392	0.00034703880000000004	0.0008170667999999999	0.0026726700000000003	289.02
0.0028916424	0.0019901987999999997	0.0015755232	0.0003510624	0.0008191079999999999	0.002665254	289.06
0.002887602	0.0019852643999999997	0.0015840875999999999	0.0003414816	0.0008140367999999999	0.0026598588	289.1
0.0028462368	0.0020066795999999997	0.0015811152	0.00033906959999999994	0.0008113368	0.0026604275999999997	289.14
0.0028508508	0.0020024879999999998	0.001577694	0.00034137239999999997	0.0008118299999999999	0.002658966	289.18
0.00281547	0.0020129532	0.0015763883999999999	0.00034028519999999997	0.0008105915999999999	0.002653362	289.22
0.0028163772	0.0020100516	0.0015745331999999998	0.00033767039999999996	0.0008079024	0.0026514624	289.26
0.0027791088	0.002023512	0.0015756551999999999	0.0003337512	0.0008057076	0.0026474496	289.3
0.0027543888	0.0020307959999999996	0.0015521352	0.00033848280000000003	0.0007997772	0.0026435112	289.34
0.0027676211999999997	0.002025702	0.0015422268	0.0003365928	0.000794736	0.0026446919999999997	289.38
0.0027466476	0.0020354963999999996	0.0015441552	0.0003312852	0.0007913496	0.0026441556000000002	289.42
0.0027397092	0.0020371487999999997	0.0015401304000000002	0.0003268296	0.0007865759999999999	0.0026427468	289.46
0.0027182616	0.0020503704	0.0015374567999999998	0.00032205	0.0007816715999999999	0.0026446836	289.5
0.0026651388	0.0020765484	0.0014910359999999998	0.00032471279999999995	0.0007665624	0.002644386	289.625
0.0026758524	0.0020795424	0.0014461343999999999	0.0003178008	0.000743436	0.0026508635999999996	289.75
0.0026770476	0.0020959836	0.0014306304	0.0002864448	0.0007133279999999999	0.0026640804	289.875
0.0026615592	0.0021523764	0.0014079767999999999	0.0002637876	0.000685182	0.0027018156	290.0
0.0026643540000000003	0.0021979632	0.0013723788000000001	0.0002608932	0.0006701892	0.002738262	290.125
0.0026829264	0.0022390728	0.0013334063999999998	0.00025968119999999996	0.0006540852000000001	0.002777352	290.25
0.002738208	0.0022775376	0.0013101576	0.00025497599999999997	0.000640686	0.0028286291999999997	290.375
0.0027976548	0.002323284	0.0013271027999999998	0.0002451588	0.0006398220000000001	0.0028871687999999997	290.5
0.0028181663999999997	0.0023839691999999997	0.0013643388	0.0002377788	0.000649002	0.0029421971999999998	290.625
0.002798064	0.00246318	0.0013591296	0.000257802	0.0006627371999999999	0.0029958432000000003	290.75
0.0028715183999999997	0.0024941268	0.0013530732	0.0002822892	0.0006794304	0.0030483359999999996	290.875
0.0029235768	0.0025388424	0.0014030712	0.0002826528	0.000698802	0.003103212	291.0
0.0029266272	0.0026137175999999995	0.0014539152	0.0002921712	0.0007255152	0.0031624739999999998	291.125
0.0029340696	0.0026852243999999996	0.0014852124	0.00032780879999999996	0.0007661376	0.0032208263999999997	291.25
0.0029549435999999996	0.0027311244	0.0015217212	0.00036819719999999997	0.000812238	0.0032645267999999996	291.375
0.0029651376000000003	0.0027760188	0.0015734364	0.00039658919999999994	0.000854082	0.0033033036000000003	291.5
0.0029436671999999997	0.0028401503999999998	0.0016133652000000001	0.00043117439999999996	0.0008960963999999999	0.0033447228000000003	291.625
0.0029418864	0.0028928687999999997	0.0016360536	0.000480078	0.0009431136	0.0033849239999999997	291.75
0.0029538456	0.0029331203999999997	0.0016713863999999999	0.0005250599999999999	0.0009915192	0.0034207848000000003	291.875
0.0029508095999999998	0.0029847408000000003	0.0017240952	0.0005670407999999999	0.001044348	0.0034596479999999996	292.0
0.0029079276	0.0030477768	0.0017554331999999999	0.0006294467999999999	0.0011057412	0.0034919136	292.125
0.0029078627999999996	0.003075204	0.0017774999999999998	0.0006968148	0.0011666916	0.003513162	292.25
0.0028774331999999996	0.0031147548	0.0018028164	0.0007575575999999999	0.0012231996	0.0035320392	292.375
0.0028580819999999996	0.0031523855999999995	0.0018075107999999999	0.0008312952000000001	0.0012820812	0.0035537232	292.5
0.0028629107999999996	0.0031705752	0.0018153336	0.0009096552	0.0013462476	0.0035697047999999998	292.625
0.002864556	0.0031817867999999997	0.001834656	0.0009838752	0.0014115828	0.0035790407999999998	292.75
0.0028633896000000002	0.003186768	0.0018558239999999998	0.0010555944	0.0014751527999999998	0.0035824524	292.875
0.0028655772	0.0031870452	0.0018799595999999998	0.0011253912	0.0015388056	0.0035835155999999996	293.0
0.0028656408	0.0031810116	0.0019113972	0.0011931612	0.0016022567999999999	0.0035788607999999995	293.125
0.00284316	0.0031579223999999998	0.0019633692	0.0013005588000000001	0.0017074116	0.0035522303999999997	293.35
0.0028143048	0.0031272815999999998	0.0020395284	0.0014597879999999998	0.0018578592	0.003517272	293.7
0.0027517668	0.0030548676	0.0021073488	0.0016228332	0.0020160779999999997	0.0034368479999999997	294.05
0.0026957015999999998	0.0029004288	0.0021669384	0.0017184540000000001	0.0021164448	0.003295308	294.4
0.0025748124	0.0028175904	0.0021699732	0.0017544732	0.0021411995999999997	0.0031841664	294.75
0.0025738596	0.0027304067999999997	0.0021439199999999997	0.0017741184	0.0021446112	0.0031161707999999995	295.1
0.0025638048	0.0026869956	0.002153334	0.0017778744	0.002150718	0.0030785964	295.45
0.0025668864	0.0026594124	0.0021713028	0.0017929763999999999	0.0021700596	0.0030583968	295.8
0.002579214	0.0026309015999999995	0.0022138992	0.0018155615999999998	0.002204406	0.0030410627999999996	296.15
0.0025684764	0.0025958448	0.0022789944	0.0018326015999999999	0.0022444212	0.0030097044	296.5
0.0025295052	0.0025717799999999996	0.0023466024	0.0018440579999999998	0.0022798848	0.0029759244	296.85
0.0024645083999999995	0.0025469195999999997	0.0023960676	0.0018534348	0.0023076048	0.002931432	297.2
0.0024050688	0.0025232784	0.0024267204	0.0018496188	0.0023146272	0.0028900403999999997	297.55
0.0023448372000000003	0.0025282308	0.0024507587999999998	0.0018414564	0.0023169012	0.0028705224	297.9
0.0022757688	0.0025511508	0.0024604092	0.0018531431999999999	0.0023306592	0.0028615128	298.25
0.0022185107999999998	0.0025592112	0.0024530243999999995	0.0018781956	0.0023476596	0.0028455587999999996	298.6
0.002180694	0.0025664292	0.0024491856	0.001901028	0.0023639459999999996	0.0028364904	298.95
0.0021226991999999997	0.0025857576	0.0024387551999999996	0.0019346904	0.0023859648000000002	0.0028289904	299.3
0.0020903303999999998	0.0025840596	0.0024186264	0.0019747488	0.0024102864	0.0028151196000000002	299.65
0.0020536212	0.0025865484	0.0023972544	0.0020123016	0.0024308952000000003	0.0028028123999999997	300.0
0.0020341152	0.00258351	0.0023712408	0.0020533488	0.0024528768	0.0027928908	300.35
0.0020237184	0.0025749156000000003	0.0023509679999999997	0.0020926572	0.0024755868	0.0027821916	300.7
0.002017476	0.0025673244	0.0023369028	0.0021300396	0.0024989436	0.0027738816	301.05
0.0020125332	0.0025615788	0.0023269151999999998	0.0021716484	0.0025271124	0.0027675084	301.4
0.0020119559999999996	0.0025459427999999997	0.0023220132	0.0022150848	0.0025599684	0.0027551556	301.75
0.002010048	0.0025279776	0.0023237772	0.0022556603999999997	0.0025922364	0.0027404808	302.1
0.002003466	0.0025071168	0.0023270772	0.0022946424	0.0026239284	0.0027217464	302.45
0.002005074	0.0024826704	0.0023416608	0.0023285064	0.0026558748	0.0027034068	302.8
0.0019732152	0.0024679596	0.00235497	0.0023634768	0.002688564	0.0026796408	303.15
0.00194598	0.0024487404	0.0023472024	0.0024074304	0.0027197064000000003	0.0026541696	303.5
0.0019358532	0.0024162828000000003	0.0023352959999999997	0.002452836	0.002750616	0.0026250659999999997	303.85
0.0019315488	0.0023748696	0.0023307588	0.0024913835999999996	0.0027791567999999995	0.0025912727999999998	304.2
0.0019255691999999999	0.0023302812	0.002334948	0.0025190796	0.0028021631999999995	0.0025543667999999996	304.55
0.0019020287999999999	0.0022979484	0.00233244	0.0025479384	0.0028237836	0.0025201572	304.9
0.0018931487999999997	0.002248398	0.0023182643999999997	0.0025779372000000003	0.0028419024	0.0024782771999999997	305.25
0.0018996888	0.002196282	0.0023136228	0.0025969559999999997	0.0028549464	0.0024403895999999996	305.6
0.0018940704	0.0021449712	0.0023163755999999996	0.002606826	0.0028638276	0.0023984088	305.95
0.0018909827999999999	0.0020989992	0.0023193204	0.0026107908	0.0028680468	0.0023615532	306.3
0.0018792744	0.0020567952	0.0023179356	0.00261411	0.0028703196000000003	0.0023242752	306.65
0.001885974	0.0020082696	0.0023213015999999998	0.0026107176	0.0028690703999999997	0.0022892328	307.0
0.0018720479999999999	0.0019727472	0.002328588	0.0026022708	0.0028655447999999997	0.0022562771999999997	307.35
0.001865472	0.0019360139999999998	0.0023286216	0.0025936595999999997	0.0028588152	0.0022252344	307.7
0.0018628175999999999	0.0019043724	0.0023326932	0.0025815096	0.0028508879999999998	0.00219966	308.05
0.0018550919999999998	0.0018790955999999999	0.0023403623999999996	0.0025704852	0.0028456896	0.0021770568	308.4
0.001841298	0.0018535259999999999	0.0023438556	0.0025608708	0.002839728	0.0021518736	308.75
0.00183321	0.0018308951999999998	0.0023428752	0.0025521972	0.0028325867999999996	0.002131182	309.1
0.001831626	0.0018055248	0.0023464668	0.0025438104	0.0028278768	0.0021108888	309.45
0.0018254916	0.0017784300000000001	0.0023582304	0.0025292495999999997	0.0028214736	0.0020874936	309.8
0.0018015287999999998	0.001764	0.0023611248	0.0025145208	0.0028109412	0.002067006	310.15
0.0017984951999999998	0.0017454432	0.002359866	0.0025019075999999996	0.0028006332	0.002051436	310.5
0.0017860751999999999	0.0017344644	0.0023639664	0.0024908028	0.0027939396	0.0020381028	310.85
0.0017753388	0.0017178312	0.0023648484	0.0024815532	0.002787456	0.0020210363999999996	311.2
0.0017680643999999999	0.001702974	0.0023701787999999995	0.0024677747999999997	0.00277875	0.0020066904	311.55
0.0017434344	0.0016992959999999999	0.0023669112000000003	0.0024597096	0.0027714384	0.0019942848	311.9
0.0017457107999999998	0.0016809492	0.0023611956	0.0024533748	0.0027645876	0.0019809372	312.25
0.0017391239999999999	0.0016682508	0.0023679108000000003	0.00243933	0.002756142	0.0019685315999999997	312.6
0.0017227584	0.0016647876	0.0023715564	0.0024284628	0.0027493367999999996	0.0019594992	312.95
0.0017075712	0.0016580796	0.0023668056000000002	0.0024233268	0.0027437712	0.0019484052	313.3
0.0017042315999999998	0.0016470468000000002	0.0023638727999999998	0.00241728	0.0027380748	0.0019385519999999999	313.65
0.0016954116	0.0016372644000000002	0.0023675771999999997	0.0024080112000000003	0.002732652	0.0019275432	314.0
0.0016781604	0.0016318296	0.0023667036	0.0023986752	0.0027249084	0.0019166364	314.35
0.0016670279999999999	0.0016282404000000001	0.0023594244	0.002392266	0.0027170939999999998	0.0019095348	314.7
0.0016630535999999998	0.0016234032000000001	0.0023547456	0.0023885112	0.0027124764	0.0019042415999999999	315.05
0.001657374	0.0016156368	0.0023557056	0.0023843339999999997	0.0027101808	0.0018960143999999998	315.4
0.0016443144	0.0016091064	0.0023564796	0.0023783363999999997	0.002706168	0.001885884	315.75
0.001625898	0.001606146	0.00234477	0.002374644	0.0026980392	0.001876446	316.1
0.0016353035999999998	0.0015979368	0.0023367012	0.0023714892	0.0026928504	0.0018737256	316.45
0.001629888	0.0015925368	0.0023410332	0.0023666148000000002	0.0026912459999999996	0.0018674364	316.8
0.0016187004	0.0015880415999999999	0.00233997	0.0023631348	0.002688186	0.0018596099999999998	317.15
0.0016126512	0.0015830832000000002	0.0023342868	0.0023618268	0.00268506	0.001853418	317.5
0.0016162632	0.001572108	0.0023384028	0.0023567436	0.002683014	0.0018463056	317.85
0.0015939816	0.0015724908	0.0023388888	0.0023521284	0.002679606	0.0018379607999999999	318.2
0.0015913175999999998	0.0015661584000000001	0.0023308848	0.0023517095999999998	0.0026763096	0.0018320160000000001	318.55
0.0015872928	0.0015593364	0.002331018	0.002349258	0.0026748923999999996	0.0018251628	318.9
0.0015730512	0.0015533856	0.0023263368	0.002346126	0.0026700744	0.001815024	319.25
0.0015733332	0.0015481452	0.0023198424	0.0023437764000000002	0.0026660772	0.0018110688	319.6
0.0015687192	0.001539522	0.0023192639999999997	0.0023399232	0.0026638656000000003	0.0018025895999999998	320.0
0.001539132	0.0015206771999999999	0.0023062968	0.0023263259999999997	0.0026471616	0.0017764967999999999	321.5
0.001526682	0.0015043104	0.0022906212	0.002319834	0.0026369915999999998	0.0017589732	323.0
0.0015165468	0.0014837291999999999	0.0022835364	0.0023188944	0.0026342604	0.0017390784	324.5
0.0015054156	0.0014540748	0.002282568	0.0023147148	0.0026317932	0.001711758	326.0
0.0014888316	0.0014301971999999999	0.0022822344	0.0023069975999999996	0.0026258519999999997	0.0016868052	327.5
0.0014789039999999999	0.0014037767999999999	0.0022862159999999998	0.0022987415999999997	0.0026215944	0.0016624607999999998	329.0
0.0014571336	0.0013795031999999999	0.0022940304	0.002287464	0.0026163696	0.0016351884	330.5
0.001433544	0.0013598604	0.0022979688	0.0022775663999999997	0.0026105916	0.0016108032	332.0
0.0014123795999999998	0.0013360212	0.0023044536	0.0022675128	0.0026060376	0.0015841032	333.5
0.0013796196	0.0013157196	0.0023115683999999997	0.0022546092	0.0025993115999999998	0.00155565	335.0
0.001340604	0.0012996072	0.0023090712	0.0022435391999999998	0.002590128	0.00152802	336.5
0.0013079352	0.0012818495999999998	0.0022997423999999997	0.0022343952	0.0025798932	0.0015015756	338.0
0.001275378	0.0012645935999999998	0.0022868339999999997	0.0022254227999999997	0.002568258	0.0014755632000000001	339.5
0.0012494112	0.001247358	0.0022720596	0.0022173492	0.0025566924	0.0014521235999999998	341.0
0.0012237792	0.0012285684000000001	0.0022586256	0.0022091387999999997	0.0025457388	0.0014276076	342.5
0.001194756	0.0012105275999999999	0.0022403664	0.0022010676	0.0025329144	0.0014023572	344.0
0.0011760216	0.0011888124	0.0022193784	0.0021909732	0.002517234	0.0013782479999999999	345.5
0.0011578367999999998	0.0011711808	0.0021989255999999998	0.0021787596	0.0025001268	0.001357518	347.0
0.0011481528	0.0011532636	0.0021803376	0.0021658752	0.0024829008	0.0013398636	348.5
0.0011399532	0.0011399532	0.0021691992	0.0021538356	0.002469546	0.0013263587999999998	350.0
