beta_para	beta_perp	delta_para	delta_perp	delta	beta	energy
0.000445195789320800	0.000445195789320800	0.001205421257757000	0.001205421257757000	0.001205421257757000	0.000445195789320800	269.899999999999977263
0.000441963343597200	0.000441963343597200	0.001192208110311900	0.001192208110311900	0.001192208110311900	0.000441963343597200	270.199999999999988631
0.000438750779787800	0.000438750779787800	0.001177501839105800	0.001177501839105800	0.001177501839105800	0.000438750779787800	270.500000000000000000
0.000435557989614000	0.000435557989614000	0.001162048881161700	0.001162048881161700	0.001162048881161700	0.000435557989614000	270.800000000000011369
0.000432386519413900	0.000432386519413900	0.001146014081208400	0.001146014081208400	0.001146014081208400	0.000432386519413900	271.100000000000022737
0.000429236251272600	0.000429236251272600	0.001129461266751500	0.001129461266751500	0.001129461266751500	0.000429236251272600	271.399999999999977263
0.000426105421350400	0.000426105421350400	0.001112420799966600	0.001112420799966600	0.001112420799966600	0.000426105421350400	271.699999999999988631
0.000422993924076400	0.000422993924076400	0.001094909156646200	0.001094909156646200	0.001094909156646200	0.000422993924076400	272.000000000000000000
0.000419903293931800	0.000419903293931800	0.001076948711884100	0.001076948711884100	0.001076948711884100	0.000419903293931800	272.300000000000011369
0.000416795792441400	0.000416795792441400	0.001058570781607300	0.001058570781607300	0.001058570781607300	0.000416795792441400	272.600000000000022737
0.000413518126023000	0.000413518126023000	0.001039664669608100	0.001039664669608100	0.001039664669608100	0.000413518126023000	272.899999999999977263
0.000410261986428200	0.000410261986428200	0.001020143630449900	0.001020143630449900	0.001020143630449900	0.000410261986428200	273.199999999999988631
0.000407027255720600	0.000407027255720600	0.001000046389331100	0.001000046389331100	0.001000046389331100	0.000407027255720600	273.500000000000000000
0.000403813816687000	0.000403813816687000	0.000979366296935100	0.000979366296935100	0.000979366296935100	0.000403813816687000	273.800000000000011369
0.000400619934888000	0.000400619934888000	0.000958085686161100	0.000958085686161100	0.000958085686161100	0.000400619934888000	274.100000000000022737
0.000397450348373800	0.000397450348373800	0.000936184291335400	0.000936184291335400	0.000936184291335400	0.000397450348373800	274.399999999999977263
0.000394300088237500	0.000394300088237500	0.000913637723892900	0.000913637723892900	0.000913637723892900	0.000394300088237500	274.699999999999988631
0.000391170658051900	0.000391170658051900	0.000890415241083400	0.000890415241083400	0.000890415241083400	0.000391170658051900	275.000000000000000000
0.000388061944143700	0.000388061944143700	0.000866484591605800	0.000866484591605800	0.000866484591605800	0.000388061944143700	275.300000000000011369
0.000384972233152600	0.000384972233152600	0.000841808165924300	0.000841808165924300	0.000841808165924300	0.000384972233152600	275.600000000000022737
0.000381904617025800	0.000381904617025800	0.000816345980846700	0.000816345980846700	0.000816345980846700	0.000381904617025800	275.899999999999977263
0.000378857380284900	0.000378857380284900	0.000790056394793200	0.000790056394793200	0.000790056394793200	0.000378857380284900	276.199999999999988631
0.000375828822021700	0.000375828822021700	0.000762893809182100	0.000762893809182100	0.000762893809182100	0.000375828822021700	276.500000000000000000
0.000372822015383100	0.000372822015383100	0.000734833969348800	0.000734833969348800	0.000734833969348800	0.000372822015383100	276.800000000000011369
0.000369730772698300	0.000369730772698300	0.000705796019190900	0.000705796019190900	0.000705796019190900	0.000369730772698300	277.100000000000022737
0.000366547764269700	0.000366547764269700	0.000675609445883600	0.000675609445883600	0.000675609445883600	0.000366547764269700	277.399999999999977263
0.000363385521204300	0.000363385521204300	0.000644169786547800	0.000644169786547800	0.000644169786547800	0.000363385521204300	277.699999999999988631
0.000360245504230100	0.000360245504230100	0.000611420616457000	0.000611420616457000	0.000611420616457000	0.000360245504230100	278.000000000000000000
0.000357126022239600	0.000357126022239600	0.000577264861818400	0.000577264861818400	0.000577264861818400	0.000357126022239600	278.300000000000011369
0.000354028530575300	0.000354028530575300	0.000541585521109900	0.000541585521109900	0.000541585521109900	0.000354028530575300	278.600000000000022737
0.000350951346313600	0.000350951346313600	0.000504245498247900	0.000504245498247900	0.000504245498247900	0.000350951346313600	278.899999999999977263
0.000347892800684400	0.000347892800684400	0.000465079851042300	0.000465079851042300	0.000465079851042300	0.000347892800684400	279.199999999999988631
0.000344855907049000	0.000344855907049000	0.000423889213802200	0.000423889213802200	0.000423889213802200	0.000344855907049000	279.500000000000000000
0.000341840547287900	0.000341840547287900	0.000380407584171000	0.000380407584171000	0.000380407584171000	0.000341840547287900	279.800000000000011369
0.000338843505253200	0.000338843505253200	0.000333863359237000	0.000333863359237000	0.000333863359237000	0.000338843505253200	280.100000000000022737
0.000338638310951200	0.000338638310951200	0.000286510163359500	0.000286510163359500	0.000286510163359500	0.000338638310951200	280.399999999999977263
0.000333087575444100	0.000333087575444100	0.000236188388886400	0.000236188388886400	0.000236188388886400	0.000333087575444100	280.699999999999988631
0.000329784282096000	0.000329784282096000	0.000180184728608700	0.000180184728608700	0.000180184728608700	0.000329784282096000	281.000000000000000000
0.000326916764626800	0.000326916764626800	0.000120462719355200	0.000120462719355200	0.000120462719355200	0.000326916764626800	281.300000000000011369
0.000323355573573200	0.000323355573573200	0.000054785900476711	0.000054785900476711	0.000054785900476711	0.000323355573573200	281.600000000000022737
0.000324281483615400	0.000324281483615400	-0.000015493025354450	-0.000015493025354450	-0.000015493025354450	0.000324281483615400	281.899999999999977263
0.000323064245013000	0.000323064245013000	-0.000089734402128211	-0.000089734402128211	-0.000089734402128211	0.000323064245013000	282.199999999999988631
0.000319312339917300	0.000319312339917300	-0.000173156271048200	-0.000173156271048200	-0.000173156271048200	0.000319312339917300	282.500000000000000000
0.000316750523408200	0.000316750523408200	-0.000268301665540600	-0.000268301665540600	-0.000268301665540600	0.000316750523408200	282.800000000000011369
0.000314902067032600	0.000314902067032600	-0.000338914689614000	-0.000338914689614000	-0.000338914689614000	0.000314902067032600	283.000000000000000000
0.000314731186412100	0.000314731186412100	-0.000343281831267700	-0.000343281831267700	-0.000343281831267700	0.000314731186412100	283.012000000000000455
0.000314530795590400	0.000314530795590400	-0.000348027721269800	-0.000348027721269800	-0.000348027721269800	0.000314530795590400	283.024999999999977263
0.000314304644929000	0.000314304644929000	-0.000352689782396300	-0.000352689782396300	-0.000352689782396300	0.000314304644929000	283.038000000000010914
0.000313787925736200	0.000313787925736200	-0.000356980569074600	-0.000356980569074600	-0.000356980569074600	0.000313787925736200	283.050000000000011369
0.000312923179851600	0.000312923179851600	-0.000361928339096200	-0.000361928339096200	-0.000361928339096200	0.000312923179851600	283.062999999999988177
0.000312069898124300	0.000312069898124300	-0.000366910107286400	-0.000366910107286400	-0.000366910107286400	0.000312069898124300	283.074999999999988631
0.000311379062572300	0.000311379062572300	-0.000372306304771500	-0.000372306304771500	-0.000372306304771500	0.000311379062572300	283.086999999999989086
0.000311057741498900	0.000311057741498900	-0.000378523834846700	-0.000378523834846700	-0.000378523834846700	0.000311057741498900	283.100000000000022737
0.000311566041009800	0.000311566041009800	-0.000384806324571900	-0.000384806324571900	-0.000384806324571900	0.000311566041009800	283.112999999999999545
0.000313092465012100	0.000313092465012100	-0.000389524566961000	-0.000389524566961000	-0.000389524566961000	0.000313092465012100	283.125000000000000000
0.000312877903816400	0.000312877903816400	-0.000393699574975300	-0.000393699574975300	-0.000393699574975300	0.000312877903816400	283.137000000000000455
0.000312735461836100	0.000312735461836100	-0.000398845567645700	-0.000398845567645700	-0.000398845567645700	0.000312735461836100	283.149999999999977263
0.000313053918666700	0.000313053918666700	-0.000403374401873200	-0.000403374401873200	-0.000403374401873200	0.000313053918666700	283.163000000000010914
0.000310891477709500	0.000310891477709500	-0.000408407276987700	-0.000408407276987700	-0.000408407276987700	0.000310891477709500	283.175000000000011369
0.000310953880767100	0.000310953880767100	-0.000415072634161200	-0.000415072634161200	-0.000415072634161200	0.000310953880767100	283.187999999999988177
0.000311141234075100	0.000311141234075100	-0.000420869899918900	-0.000420869899918900	-0.000420869899918900	0.000311141234075100	283.199999999999988631
0.000312019626278400	0.000312019626278400	-0.000426265934557200	-0.000426265934557200	-0.000426265934557200	0.000312019626278400	283.211999999999989086
0.000312513785946400	0.000312513785946400	-0.000431589998033200	-0.000431589998033200	-0.000431589998033200	0.000312513785946400	283.225000000000022737
0.000312968457597700	0.000312968457597700	-0.000436527394225000	-0.000436527394225000	-0.000436527394225000	0.000312968457597700	283.237999999999999545
0.000312226812111500	0.000312226812111500	-0.000441313556472300	-0.000441313556472300	-0.000441313556472300	0.000312226812111500	283.250000000000000000
0.000312042801342600	0.000312042801342600	-0.000446499228511600	-0.000446499228511600	-0.000446499228511600	0.000312042801342600	283.262000000000000455
0.000311202210436600	0.000311202210436600	-0.000452473160969700	-0.000452473160969700	-0.000452473160969700	0.000311202210436600	283.274999999999977263
0.000311066105782900	0.000311066105782900	-0.000459123480414000	-0.000459123480414000	-0.000459123480414000	0.000311066105782900	283.288000000000010914
0.000312087834401800	0.000312087834401800	-0.000464552503839800	-0.000464552503839800	-0.000464552503839800	0.000312087834401800	283.300000000000011369
0.000311347413241000	0.000311347413241000	-0.000470480491374100	-0.000470480491374100	-0.000470480491374100	0.000311347413241000	283.312999999999988177
0.000312150876258500	0.000312150876258500	-0.000476079983174300	-0.000476079983174300	-0.000476079983174300	0.000312150876258500	283.324999999999988631
0.000311377949667300	0.000311377949667300	-0.000481949535019200	-0.000481949535019200	-0.000481949535019200	0.000311377949667300	283.336999999999989086
0.000312839186397400	0.000312839186397400	-0.000488394670028600	-0.000488394670028600	-0.000488394670028600	0.000312839186397400	283.350000000000022737
0.000313470540032200	0.000313470540032200	-0.000493699780127900	-0.000493699780127900	-0.000493699780127900	0.000313470540032200	283.362999999999999545
0.000313269908691900	0.000313269908691900	-0.000498816746652700	-0.000498816746652700	-0.000498816746652700	0.000313269908691900	283.375000000000000000
0.000313606651376300	0.000313606651376300	-0.000503931733446500	-0.000503931733446500	-0.000503931733446500	0.000313606651376300	283.387000000000000455
0.000313202533223500	0.000313202533223500	-0.000508918481229500	-0.000508918481229500	-0.000508918481229500	0.000313202533223500	283.399999999999977263
0.000310561742726900	0.000310561742726900	-0.000515826206771800	-0.000515826206771800	-0.000515826206771800	0.000310561742726900	283.413000000000010914
0.000312218158521300	0.000312218158521300	-0.000522135852203800	-0.000522135852203800	-0.000522135852203800	0.000312218158521300	283.425000000000011369
0.000310063624285500	0.000310063624285500	-0.000529044704650000	-0.000529044704650000	-0.000529044704650000	0.000310063624285500	283.437999999999988177
0.000312022380624200	0.000312022380624200	-0.000535848750280900	-0.000535848750280900	-0.000535848750280900	0.000312022380624200	283.449999999999988631
0.000312318197164600	0.000312318197164600	-0.000540745590692200	-0.000540745590692200	-0.000540745590692200	0.000312318197164600	283.461999999999989086
0.000310592305795600	0.000310592305795600	-0.000547193174402500	-0.000547193174402500	-0.000547193174402500	0.000310592305795600	283.475000000000022737
0.000310040475264200	0.000310040475264200	-0.000555472984976800	-0.000555472984976800	-0.000555472984976800	0.000310040475264200	283.487999999999999545
0.000312350934425900	0.000312350934425900	-0.000561803752520500	-0.000561803752520500	-0.000561803752520500	0.000312350934425900	283.500000000000000000
0.000311690838881500	0.000311690838881500	-0.000566893001054300	-0.000566893001054300	-0.000566893001054300	0.000311690838881500	283.512000000000000455
0.000309920243744000	0.000309920243744000	-0.000574736179269200	-0.000574736179269200	-0.000574736179269200	0.000309920243744000	283.524999999999977263
0.000311825705574300	0.000311825705574300	-0.000582497340967600	-0.000582497340967600	-0.000582497340967600	0.000311825705574300	283.538000000000010914
0.000311735813155700	0.000311735813155700	-0.000588532953461700	-0.000588532953461700	-0.000588532953461700	0.000311735813155700	283.550000000000011369
0.000311835730126500	0.000311835730126500	-0.000595261536945000	-0.000595261536945000	-0.000595261536945000	0.000311835730126500	283.562999999999988177
0.000309986312152500	0.000309986312152500	-0.000603196499705800	-0.000603196499705800	-0.000603196499705800	0.000309986312152500	283.574999999999988631
0.000313032963834300	0.000313032963834300	-0.000610865179953300	-0.000610865179953300	-0.000610865179953300	0.000313032963834300	283.586999999999989086
0.000313773550545800	0.000313773550545800	-0.000616670577839600	-0.000616670577839600	-0.000616670577839600	0.000313773550545800	283.600000000000022737
0.000312529760768700	0.000312529760768700	-0.000623589072565300	-0.000623589072565300	-0.000623589072565300	0.000312529760768700	283.612999999999999545
0.000312303850525100	0.000312303850525100	-0.000631410625399800	-0.000631410625399800	-0.000631410625399800	0.000312303850525100	283.625000000000000000
0.000313924382734200	0.000313924382734200	-0.000638333217360900	-0.000638333217360900	-0.000638333217360900	0.000313924382734200	283.637000000000000455
0.000313455956407200	0.000313455956407200	-0.000645195137397100	-0.000645195137397100	-0.000645195137397100	0.000313455956407200	283.649999999999977263
0.000312984593243600	0.000312984593243600	-0.000652956464798500	-0.000652956464798500	-0.000652956464798500	0.000312984593243600	283.663000000000010914
0.000312414310619400	0.000312414310619400	-0.000660973435930700	-0.000660973435930700	-0.000660973435930700	0.000312414310619400	283.675000000000011369
0.000313731468771300	0.000313731468771300	-0.000669175607132900	-0.000669175607132900	-0.000669175607132900	0.000313731468771300	283.687999999999988177
0.000313010191235200	0.000313010191235200	-0.000676603112085800	-0.000676603112085800	-0.000676603112085800	0.000313010191235200	283.699999999999988631
0.000313261584888200	0.000313261584888200	-0.000684959218027000	-0.000684959218027000	-0.000684959218027000	0.000313261584888200	283.711999999999989086
0.000314120778195000	0.000314120778195000	-0.000693747855003700	-0.000693747855003700	-0.000693747855003700	0.000314120778195000	283.725000000000022737
0.000314703502035000	0.000314703502035000	-0.000702536474600400	-0.000702536474600400	-0.000702536474600400	0.000314703502035000	283.737999999999999545
0.000315902815137500	0.000315902815137500	-0.000710584067597700	-0.000710584067597700	-0.000710584067597700	0.000315902815137500	283.750000000000000000
0.000316855853074800	0.000316855853074800	-0.000718355079214600	-0.000718355079214600	-0.000718355079214600	0.000316855853074800	283.762000000000000455
0.000318131031489400	0.000318131031489400	-0.000726482130456700	-0.000726482130456700	-0.000726482130456700	0.000318131031489400	283.774999999999977263
0.000318919960199100	0.000318919960199100	-0.000733995781633400	-0.000733995781633400	-0.000733995781633400	0.000318919960199100	283.788000000000010914
0.000318050837745200	0.000318050837745200	-0.000741610002397500	-0.000741610002397500	-0.000741610002397500	0.000318050837745200	283.800000000000011369
0.000318536303836900	0.000318536303836900	-0.000750295275919500	-0.000750295275919500	-0.000750295275919500	0.000318536303836900	283.812999999999988177
0.000317708106713500	0.000317708106713500	-0.000758253175585100	-0.000758253175585100	-0.000758253175585100	0.000317708106713500	283.824999999999988631
0.000316523961934900	0.000316523961934900	-0.000767659651243400	-0.000767659651243400	-0.000767659651243400	0.000316523961934900	283.836999999999989086
0.000317285530216300	0.000317285530216300	-0.000778206475033900	-0.000778206475033900	-0.000778206475033900	0.000317285530216300	283.850000000000022737
0.000317636627979700	0.000317636627979700	-0.000788201651925800	-0.000788201651925800	-0.000788201651925800	0.000317636627979700	283.862999999999999545
0.000317282443263100	0.000317282443263100	-0.000798424763631700	-0.000798424763631700	-0.000798424763631700	0.000317282443263100	283.875000000000000000
0.000319325021815600	0.000319325021815600	-0.000808484879945800	-0.000808484879945800	-0.000808484879945800	0.000319325021815600	283.887000000000000455
0.000319813081143100	0.000319813081143100	-0.000819047684634500	-0.000819047684634500	-0.000819047684634500	0.000319813081143100	283.899999999999977263
0.000321908613682700	0.000321908613682700	-0.000829684061932400	-0.000829684061932400	-0.000829684061932400	0.000321908613682700	283.913000000000010914
0.000322843447710500	0.000322843447710500	-0.000838972324781100	-0.000838972324781100	-0.000838972324781100	0.000322843447710500	283.925000000000011369
0.000323380806674700	0.000323380806674700	-0.000849989208537900	-0.000849989208537900	-0.000849989208537900	0.000323380806674700	283.937999999999988177
0.000325489801402300	0.000325489801402300	-0.000859961001071100	-0.000859961001071100	-0.000859961001071100	0.000325489801402300	283.949999999999988631
0.000326203988671600	0.000326203988671600	-0.000869260195340200	-0.000869260195340200	-0.000869260195340200	0.000326203988671600	283.961999999999989086
0.000325652571130000	0.000325652571130000	-0.000881176389833300	-0.000881176389833300	-0.000881176389833300	0.000325652571130000	283.975000000000022737
0.000328492537087500	0.000328492537087500	-0.000892980239268500	-0.000892980239268500	-0.000892980239268500	0.000328492537087500	283.987999999999999545
0.000328134720668800	0.000328134720668800	-0.000904094688096400	-0.000904094688096400	-0.000904094688096400	0.000328134720668800	284.000000000000000000
0.000331241516469300	0.000331241516469300	-0.000915308499611300	-0.000915308499611300	-0.000915308499611300	0.000331241516469300	284.012000000000000455
0.000331363386211400	0.000331363386211400	-0.000927064342898600	-0.000927064342898600	-0.000927064342898600	0.000331363386211400	284.024999999999977263
0.000332506779390400	0.000332506779390400	-0.000940943129409700	-0.000940943129409700	-0.000940943129409700	0.000332506779390400	284.038000000000010914
0.000336355114528700	0.000336355114528700	-0.000952764053979400	-0.000952764053979400	-0.000952764053979400	0.000336355114528700	284.050000000000011369
0.000337527975742900	0.000337527975742900	-0.000964870816317100	-0.000964870816317100	-0.000964870816317100	0.000337527975742900	284.062999999999988177
0.000339273898543200	0.000339273898543200	-0.000977132231283500	-0.000977132231283500	-0.000977132231283500	0.000339273898543200	284.074999999999988631
0.000341447282250500	0.000341447282250500	-0.000988971878577100	-0.000988971878577100	-0.000988971878577100	0.000341447282250500	284.086999999999989086
0.000341622363441600	0.000341622363441600	-0.001002801084111100	-0.001002801084111100	-0.001002801084111100	0.000341622363441600	284.100000000000022737
0.000343273204248100	0.000343273204248100	-0.001018550548410500	-0.001018550548410500	-0.001018550548410500	0.000343273204248100	284.112999999999999545
0.000346593072488500	0.000346593072488500	-0.001032440747345600	-0.001032440747345600	-0.001032440747345600	0.000346593072488500	284.125000000000000000
0.000346967313730400	0.000346967313730400	-0.001047710484191700	-0.001047710484191700	-0.001047710484191700	0.000346967313730400	284.137000000000000455
0.000352904950090700	0.000352904950090700	-0.001064262316055700	-0.001064262316055700	-0.001064262316055700	0.000352904950090700	284.149999999999977263
0.000354623419748300	0.000354623419748300	-0.001080713986405400	-0.001080713986405400	-0.001080713986405400	0.000354623419748300	284.163000000000010914
0.000359849818608900	0.000359849818608900	-0.001097202379254300	-0.001097202379254300	-0.001097202379254300	0.000359849818608900	284.175000000000011369
0.000365489681512200	0.000365489681512200	-0.001112764972941800	-0.001112764972941800	-0.001112764972941800	0.000365489681512200	284.187999999999988177
0.000365764330309900	0.000365764330309900	-0.001129747021470800	-0.001129747021470800	-0.001129747021470800	0.000365764330309900	284.199999999999988631
0.000372196828300300	0.000372196828300300	-0.001149119846018500	-0.001149119846018500	-0.001149119846018500	0.000372196828300300	284.211999999999989086
0.000378693287015800	0.000378693287015800	-0.001169598464930300	-0.001169598464930300	-0.001169598464930300	0.000378693287015800	284.225000000000022737
0.000389332188551400	0.000389332188551400	-0.001188607543127300	-0.001188607543127300	-0.001188607543127300	0.000389332188551400	284.237999999999999545
0.000395117063908900	0.000395117063908900	-0.001205431707998500	-0.001205431707998500	-0.001205431707998500	0.000395117063908900	284.250000000000000000
0.000401126611031100	0.000401126611031100	-0.001226185440617400	-0.001226185440617400	-0.001226185440617400	0.000401126611031100	284.262000000000000455
0.000414549465463900	0.000414549465463900	-0.001248307162226000	-0.001248307162226000	-0.001248307162226000	0.000414549465463900	284.274999999999977263
0.000425683695067600	0.000425683695067600	-0.001268905285017600	-0.001268905285017600	-0.001268905285017600	0.000425683695067600	284.288000000000010914
0.000437243067928800	0.000437243067928800	-0.001289973802168600	-0.001289973802168600	-0.001289973802168600	0.000437243067928800	284.300000000000011369
0.000454741825964200	0.000454741825964200	-0.001311526544381000	-0.001311526544381000	-0.001311526544381000	0.000454741825964200	284.312999999999988177
0.000468711598557900	0.000468711598557900	-0.001331327661393100	-0.001331327661393100	-0.001331327661393100	0.000468711598557900	284.324999999999988631
0.000488697680082700	0.000488697680082700	-0.001350301073321900	-0.001350301073321900	-0.001350301073321900	0.000488697680082700	284.336999999999989086
0.000507683059618400	0.000507683059618400	-0.001368891922908300	-0.001368891922908300	-0.001368891922908300	0.000507683059618400	284.350000000000022737
0.000529145352040500	0.000529145352040500	-0.001388896633098300	-0.001388896633098300	-0.001388896633098300	0.000529145352040500	284.362999999999999545
0.000554475163713000	0.000554475163713000	-0.001404869978700600	-0.001404869978700600	-0.001404869978700600	0.000554475163713000	284.375000000000000000
0.000579188972888100	0.000579188972888100	-0.001416216160290200	-0.001416216160290200	-0.001416216160290200	0.000579188972888100	284.387000000000000455
0.000603745577761300	0.000603745577761300	-0.001426463168153600	-0.001426463168153600	-0.001426463168153600	0.000603745577761300	284.399999999999977263
0.000627301376526900	0.000627301376526900	-0.001437283981655100	-0.001437283981655100	-0.001437283981655100	0.000627301376526900	284.413000000000010914
0.000652744720216200	0.000652744720216200	-0.001446988812788100	-0.001446988812788100	-0.001446988812788100	0.000652744720216200	284.425000000000011369
0.000685545619529600	0.000685545619529600	-0.001448616049674800	-0.001448616049674800	-0.001448616049674800	0.000685545619529600	284.437999999999988177
0.000701508788123000	0.000701508788123000	-0.001448523408919300	-0.001448523408919300	-0.001448523408919300	0.000701508788123000	284.449999999999988631
0.000725522653797100	0.000725522653797100	-0.001449186239669400	-0.001449186239669400	-0.001449186239669400	0.000725522653797100	284.461999999999989086
0.000742506468269200	0.000742506468269200	-0.001446812033965900	-0.001446812033965900	-0.001446812033965900	0.000742506468269200	284.475000000000022737
0.000757947682932100	0.000757947682932100	-0.001447797875896300	-0.001447797875896300	-0.001447797875896300	0.000757947682932100	284.487999999999999545
0.000773450079961400	0.000773450079961400	-0.001449997565386900	-0.001449997565386900	-0.001449997565386900	0.000773450079961400	284.500000000000000000
0.000790541650863200	0.000790541650863200	-0.001450367346267000	-0.001450367346267000	-0.001450367346267000	0.000790541650863200	284.512000000000000455
0.000805504465426400	0.000805504465426400	-0.001448900303806000	-0.001448900303806000	-0.001448900303806000	0.000805504465426400	284.524999999999977263
0.000817431681804500	0.000817431681804500	-0.001448287561025000	-0.001448287561025000	-0.001448287561025000	0.000817431681804500	284.538000000000010914
0.000826409508183800	0.000826409508183800	-0.001449967016871000	-0.001449967016871000	-0.001449967016871000	0.000826409508183800	284.550000000000011369
0.000836517819376000	0.000836517819376000	-0.001455163613019000	-0.001455163613019000	-0.001455163613019000	0.000836517819376000	284.562999999999988177
0.000850363281036800	0.000850363281036800	-0.001459166112711600	-0.001459166112711600	-0.001459166112711600	0.000850363281036800	284.574999999999988631
0.000860277050711700	0.000860277050711700	-0.001461263325410100	-0.001461263325410100	-0.001461263325410100	0.000860277050711700	284.586999999999989086
0.000867243037490000	0.000867243037490000	-0.001468240184828800	-0.001468240184828800	-0.001468240184828800	0.000867243037490000	284.600000000000022737
0.000880663436220400	0.000880663436220400	-0.001478303904282600	-0.001478303904282600	-0.001478303904282600	0.000880663436220400	284.612999999999999545
0.000895630174369800	0.000895630174369800	-0.001484333218104500	-0.001484333218104500	-0.001484333218104500	0.000895630174369800	284.625000000000000000
0.000904877968840300	0.000904877968840300	-0.001490714633088400	-0.001490714633088400	-0.001490714633088400	0.000904877968840300	284.637000000000000455
0.000917652331096200	0.000917652331096200	-0.001501367377002200	-0.001501367377002200	-0.001501367377002200	0.000917652331096200	284.649999999999977263
0.000932862014981500	0.000932862014981500	-0.001512589663382000	-0.001512589663382000	-0.001512589663382000	0.000932862014981500	284.663000000000010914
0.000946682104228100	0.000946682104228100	-0.001525316836845600	-0.001525316836845600	-0.001525316836845600	0.000946682104228100	284.675000000000011369
0.000970684486498900	0.000970684486498900	-0.001538072978371700	-0.001538072978371700	-0.001538072978371700	0.000970684486498900	284.687999999999988177
0.000992811834267500	0.000992811834267500	-0.001544743512586300	-0.001544743512586300	-0.001544743512586300	0.000992811834267500	284.699999999999988631
0.001011129510424100	0.001011129510424100	-0.001550996323704500	-0.001550996323704500	-0.001550996323704500	0.001011129510424100	284.711999999999989086
0.001032051895177900	0.001032051895177900	-0.001561079444284400	-0.001561079444284400	-0.001561079444284400	0.001032051895177900	284.725000000000022737
0.001059679856468500	0.001059679856468500	-0.001571330527512200	-0.001571330527512200	-0.001571330527512200	0.001059679856468500	284.737999999999999545
0.001090185834824200	0.001090185834824200	-0.001575391000948700	-0.001575391000948700	-0.001575391000948700	0.001090185834824200	284.750000000000000000
0.001117904421480300	0.001117904421480300	-0.001573828017757100	-0.001573828017757100	-0.001573828017757100	0.001117904421480300	284.762000000000000455
0.001144683955149600	0.001144683955149600	-0.001570437126477600	-0.001570437126477600	-0.001570437126477600	0.001144683955149600	284.774999999999977263
0.001171089894368700	0.001171089894368700	-0.001566117055303400	-0.001566117055303400	-0.001566117055303400	0.001171089894368700	284.788000000000010914
0.001194959196939000	0.001194959196939000	-0.001560806648531000	-0.001560806648531000	-0.001560806648531000	0.001194959196939000	284.800000000000011369
0.001222278989253600	0.001222278989253600	-0.001550439429283100	-0.001550439429283100	-0.001550439429283100	0.001222278989253600	284.812999999999988177
0.001239101833534100	0.001239101833534100	-0.001539274656461800	-0.001539274656461800	-0.001539274656461800	0.001239101833534100	284.824999999999988631
0.001257114457994600	0.001257114457994600	-0.001528404388177500	-0.001528404388177500	-0.001528404388177500	0.001257114457994600	284.836999999999989086
0.001268569765026700	0.001268569765026700	-0.001518815726350300	-0.001518815726350300	-0.001518815726350300	0.001268569765026700	284.850000000000022737
0.001284289257255000	0.001284289257255000	-0.001512944387362100	-0.001512944387362100	-0.001512944387362100	0.001284289257255000	284.862999999999999545
0.001301195320090500	0.001301195320090500	-0.001503613910260800	-0.001503613910260800	-0.001503613910260800	0.001301195320090500	284.875000000000000000
0.001308754131910300	0.001308754131910300	-0.001494760061255800	-0.001494760061255800	-0.001494760061255800	0.001308754131910300	284.887000000000000455
0.001319821792243900	0.001319821792243900	-0.001490044661923300	-0.001490044661923300	-0.001490044661923300	0.001319821792243900	284.899999999999977263
0.001333561902127300	0.001333561902127300	-0.001483763564231100	-0.001483763564231100	-0.001483763564231100	0.001333561902127300	284.913000000000010914
0.001341418419710600	0.001341418419710600	-0.001477592249717300	-0.001477592249717300	-0.001477592249717300	0.001341418419710600	284.925000000000011369
0.001349572562408700	0.001349572562408700	-0.001474005814839100	-0.001474005814839100	-0.001474005814839100	0.001349572562408700	284.937999999999988177
0.001357835045305400	0.001357835045305400	-0.001471851534808600	-0.001471851534808600	-0.001471851534808600	0.001357835045305400	284.949999999999988631
0.001364612652821400	0.001364612652821400	-0.001471094205335300	-0.001471094205335300	-0.001471094205335300	0.001364612652821400	284.961999999999989086
0.001372482641885300	0.001372482641885300	-0.001472948163948800	-0.001472948163948800	-0.001472948163948800	0.001372482641885300	284.975000000000022737
0.001381503631604000	0.001381503631604000	-0.001476997287905700	-0.001476997287905700	-0.001476997287905700	0.001381503631604000	284.987999999999999545
0.001390911355515600	0.001390911355515600	-0.001482806874775700	-0.001482806874775700	-0.001482806874775700	0.001390911355515600	285.000000000000000000
0.001403106828694800	0.001403106828694800	-0.001489493344786200	-0.001489493344786200	-0.001489493344786200	0.001403106828694800	285.012000000000000455
0.001416321255776800	0.001416321255776800	-0.001497717427155000	-0.001497717427155000	-0.001497717427155000	0.001416321255776800	285.024999999999977263
0.001430824446611000	0.001430824446611000	-0.001509893446024200	-0.001509893446024200	-0.001509893446024200	0.001430824446611000	285.038000000000010914
0.001451524191686900	0.001451524191686900	-0.001522454016155200	-0.001522454016155200	-0.001522454016155200	0.001451524191686900	285.050000000000011369
0.001476542217082000	0.001476542217082000	-0.001534203108430800	-0.001534203108430800	-0.001534203108430800	0.001476542217082000	285.062999999999988177
0.001502282678942600	0.001502282678942600	-0.001544765717376700	-0.001544765717376700	-0.001544765717376700	0.001502282678942600	285.074999999999988631
0.001530229356188700	0.001530229356188700	-0.001557374849864300	-0.001557374849864300	-0.001557374849864300	0.001530229356188700	285.086999999999989086
0.001574225081335300	0.001574225081335300	-0.001566219553604600	-0.001566219553604600	-0.001566219553604600	0.001574225081335300	285.100000000000022737
0.001614979794404100	0.001614979794404100	-0.001568371258911100	-0.001568371258911100	-0.001568371258911100	0.001614979794404100	285.112999999999999545
0.001657654085403700	0.001657654085403700	-0.001566799329823200	-0.001566799329823200	-0.001566799329823200	0.001657654085403700	285.125000000000000000
0.001696341192210900	0.001696341192210900	-0.001565078642700200	-0.001565078642700200	-0.001565078642700200	0.001696341192210900	285.137000000000000455
0.001756251756887200	0.001756251756887200	-0.001554733214208200	-0.001554733214208200	-0.001554733214208200	0.001756251756887200	285.149999999999977263
0.001804511056192600	0.001804511056192600	-0.001532207494897600	-0.001532207494897600	-0.001532207494897600	0.001804511056192600	285.163000000000010914
0.001849273917437600	0.001849273917437600	-0.001507992869270300	-0.001507992869270300	-0.001507992869270300	0.001849273917437600	285.175000000000011369
0.001892280748570200	0.001892280748570200	-0.001478830173242000	-0.001478830173242000	-0.001478830173242000	0.001892280748570200	285.187999999999988177
0.001935197657218100	0.001935197657218100	-0.001448559640322000	-0.001448559640322000	-0.001448559640322000	0.001935197657218100	285.199999999999988631
0.001975552035193300	0.001975552035193300	-0.001411948903164400	-0.001411948903164400	-0.001411948903164400	0.001975552035193300	285.211999999999989086
0.002016776018272800	0.002016776018272800	-0.001365486305452100	-0.001365486305452100	-0.001365486305452100	0.002016776018272800	285.225000000000022737
0.002051015237031300	0.002051015237031300	-0.001311419968924900	-0.001311419968924900	-0.001311419968924900	0.002051015237031300	285.237999999999999545
0.002070174131551700	0.002070174131551700	-0.001261579134257800	-0.001261579134257800	-0.001261579134257800	0.002070174131551700	285.250000000000000000
0.002090928165896500	0.002090928165896500	-0.001213008339987400	-0.001213008339987400	-0.001213008339987400	0.002090928165896500	285.262000000000000455
0.002107281473486900	0.002107281473486900	-0.001158144492457300	-0.001158144492457300	-0.001158144492457300	0.002107281473486900	285.274999999999977263
0.002120803041665100	0.002120803041665100	-0.001101647750916100	-0.001101647750916100	-0.001101647750916100	0.002120803041665100	285.288000000000010914
0.002127430093129400	0.002127430093129400	-0.001047274365310300	-0.001047274365310300	-0.001047274365310300	0.002127430093129400	285.300000000000011369
0.002127606560205400	0.002127606560205400	-0.000988978314660900	-0.000988978314660900	-0.000988978314660900	0.002127606560205400	285.312999999999988177
0.002122673427805000	0.002122673427805000	-0.000937192187474000	-0.000937192187474000	-0.000937192187474000	0.002122673427805000	285.324999999999988631
0.002115155208266000	0.002115155208266000	-0.000887686754177100	-0.000887686754177100	-0.000887686754177100	0.002115155208266000	285.336999999999989086
0.002106470967699900	0.002106470967699900	-0.000832124505571600	-0.000832124505571600	-0.000832124505571600	0.002106470967699900	285.350000000000022737
0.002084528226836700	0.002084528226836700	-0.000779321386351100	-0.000779321386351100	-0.000779321386351100	0.002084528226836700	285.362999999999999545
0.002066366830146900	0.002066366830146900	-0.000736229656035900	-0.000736229656035900	-0.000736229656035900	0.002066366830146900	285.375000000000000000
0.002049630829520700	0.002049630829520700	-0.000688903859058200	-0.000688903859058200	-0.000688903859058200	0.002049630829520700	285.387000000000000455
0.002012635046573500	0.002012635046573500	-0.000642564694625000	-0.000642564694625000	-0.000642564694625000	0.002012635046573500	285.399999999999977263
0.001981995409697500	0.001981995409697500	-0.000606990789862100	-0.000606990789862100	-0.000606990789862100	0.001981995409697500	285.413000000000010914
0.001958695256633300	0.001958695256633300	-0.000571730079307900	-0.000571730079307900	-0.000571730079307900	0.001958695256633300	285.425000000000011369
0.001925061070436100	0.001925061070436100	-0.000530862621569600	-0.000530862621569600	-0.000530862621569600	0.001925061070436100	285.437999999999988177
0.001889684395291800	0.001889684395291800	-0.000493275220410600	-0.000493275220410600	-0.000493275220410600	0.001889684395291800	285.449999999999988631
0.001840943446586700	0.001840943446586700	-0.000462025857065800	-0.000462025857065800	-0.000462025857065800	0.001840943446586700	285.461999999999989086
0.001787026835747700	0.001787026835747700	-0.000443108912283200	-0.000443108912283200	-0.000443108912283200	0.001787026835747700	285.475000000000022737
0.001740334134685100	0.001740334134685100	-0.000436211559829800	-0.000436211559829800	-0.000436211559829800	0.001740334134685100	285.487999999999999545
0.001713496284275900	0.001713496284275900	-0.000427447505447700	-0.000427447505447700	-0.000427447505447700	0.001713496284275900	285.500000000000000000
0.001680526694234600	0.001680526694234600	-0.000409227741066400	-0.000409227741066400	-0.000409227741066400	0.001680526694234600	285.512000000000000455
0.001629771773953700	0.001629771773953700	-0.000396614038805800	-0.000396614038805800	-0.000396614038805800	0.001629771773953700	285.524999999999977263
0.001587925379624600	0.001587925379624600	-0.000392614486864900	-0.000392614486864900	-0.000392614486864900	0.001587925379624600	285.538000000000010914
0.001548072728043900	0.001548072728043900	-0.000390742903786200	-0.000390742903786200	-0.000390742903786200	0.001548072728043900	285.550000000000011369
0.001507406779593200	0.001507406779593200	-0.000393919975911200	-0.000393919975911200	-0.000393919975911200	0.001507406779593200	285.562999999999988177
0.001481972359391600	0.001481972359391600	-0.000387687129898200	-0.000387687129898200	-0.000387687129898200	0.001481972359391600	285.574999999999988631
0.001422307571063100	0.001422307571063100	-0.000390182735630300	-0.000390182735630300	-0.000390182735630300	0.001422307571063100	285.586999999999989086
0.001388678294134700	0.001388678294134700	-0.000407478454104600	-0.000407478454104600	-0.000407478454104600	0.001388678294134700	285.600000000000022737
0.001351322345259000	0.001351322345259000	-0.000419466844087200	-0.000419466844087200	-0.000419466844087200	0.001351322345259000	285.612999999999999545
0.001318035219173800	0.001318035219173800	-0.000433816254297900	-0.000433816254297900	-0.000433816254297900	0.001318035219173800	285.625000000000000000
0.001288572256630100	0.001288572256630100	-0.000448485238772100	-0.000448485238772100	-0.000448485238772100	0.001288572256630100	285.637000000000000455
0.001252222783314300	0.001252222783314300	-0.000467907250348000	-0.000467907250348000	-0.000467907250348000	0.001252222783314300	285.649999999999977263
0.001222724695701700	0.001222724695701700	-0.000493546225510100	-0.000493546225510100	-0.000493546225510100	0.001222724695701700	285.663000000000010914
0.001203242240798000	0.001203242240798000	-0.000516664925288900	-0.000516664925288900	-0.000516664925288900	0.001203242240798000	285.675000000000011369
0.001184709442985900	0.001184709442985900	-0.000536365431992900	-0.000536365431992900	-0.000536365431992900	0.001184709442985900	285.687999999999988177
0.001161890265562900	0.001161890265562900	-0.000554295492167900	-0.000554295492167900	-0.000554295492167900	0.001161890265562900	285.699999999999988631
0.001139996672092300	0.001139996672092300	-0.000577759297113200	-0.000577759297113200	-0.000577759297113200	0.001139996672092300	285.711999999999989086
0.001124866281845800	0.001124866281845800	-0.000603875811536200	-0.000603875811536200	-0.000603875811536200	0.001124866281845800	285.725000000000022737
0.001110530698784300	0.001110530698784300	-0.000627679032139900	-0.000627679032139900	-0.000627679032139900	0.001110530698784300	285.737999999999999545
0.001099727672135800	0.001099727672135800	-0.000648022266763200	-0.000648022266763200	-0.000648022266763200	0.001099727672135800	285.750000000000000000
0.001086770989939600	0.001086770989939600	-0.000667819792520900	-0.000667819792520900	-0.000667819792520900	0.001086770989939600	285.762000000000000455
0.001074530861388900	0.001074530861388900	-0.000690075614148700	-0.000690075614148700	-0.000690075614148700	0.001074530861388900	285.774999999999977263
0.001062051849071100	0.001062051849071100	-0.000712946797661500	-0.000712946797661500	-0.000712946797661500	0.001062051849071100	285.788000000000010914
0.001051737340635900	0.001051737340635900	-0.000736278283128600	-0.000736278283128600	-0.000736278283128600	0.001051737340635900	285.800000000000011369
0.001046751934036800	0.001046751934036800	-0.000760053777200600	-0.000760053777200600	-0.000760053777200600	0.001046751934036800	285.812999999999988177
0.001040178175563400	0.001040178175563400	-0.000779922895608900	-0.000779922895608900	-0.000779922895608900	0.001040178175563400	285.824999999999988631
0.001035027854631100	0.001035027854631100	-0.000799442664544100	-0.000799442664544100	-0.000799442664544100	0.001035027854631100	285.836999999999989086
0.001027587623005400	0.001027587623005400	-0.000821349999110500	-0.000821349999110500	-0.000821349999110500	0.001027587623005400	285.850000000000022737
0.001024526541083800	0.001024526541083800	-0.000842662567264700	-0.000842662567264700	-0.000842662567264700	0.001024526541083800	285.862999999999999545
0.001017849839241700	0.001017849839241700	-0.000863010977583400	-0.000863010977583400	-0.000863010977583400	0.001017849839241700	285.875000000000000000
0.001017511555669200	0.001017511555669200	-0.000883616052687000	-0.000883616052687000	-0.000883616052687000	0.001017511555669200	285.887000000000000455
0.001014978619521900	0.001014978619521900	-0.000903467049828500	-0.000903467049828500	-0.000903467049828500	0.001014978619521900	285.899999999999977263
0.001008942515604300	0.001008942515604300	-0.000964704170311500	-0.000964704170311500	-0.000964704170311500	0.001008942515604300	285.939999999999997726
0.001008978364911200	0.001008978364911200	-0.001024018088847200	-0.001024018088847200	-0.001024018088847200	0.001008978364911200	285.980000000000018190
0.001009711040549300	0.001009711040549300	-0.001081940804536200	-0.001081940804536200	-0.001081940804536200	0.001009711040549300	286.019999999999981810
0.001014820981867800	0.001014820981867800	-0.001140340367216000	-0.001140340367216000	-0.001140340367216000	0.001014820981867800	286.060000000000002274
0.001024317882689600	0.001024317882689600	-0.001197360931337400	-0.001197360931337400	-0.001197360931337400	0.001024317882689600	286.100000000000022737
0.001036028987560700	0.001036028987560700	-0.001252206861722600	-0.001252206861722600	-0.001252206861722600	0.001036028987560700	286.139999999999986358
0.001046638138929000	0.001046638138929000	-0.001308369357400300	-0.001308369357400300	-0.001308369357400300	0.001046638138929000	286.180000000000006821
0.001063649944586500	0.001063649944586500	-0.001365475025920800	-0.001365475025920800	-0.001365475025920800	0.001063649944586500	286.220000000000027285
0.001081261881793800	0.001081261881793800	-0.001422158446026200	-0.001422158446026200	-0.001422158446026200	0.001081261881793800	286.259999999999990905
0.001102448328179700	0.001102448328179700	-0.001480077582295700	-0.001480077582295700	-0.001480077582295700	0.001102448328179700	286.300000000000011369
0.001127562104597900	0.001127562104597900	-0.001537286644089800	-0.001537286644089800	-0.001537286644089800	0.001127562104597900	286.339999999999974989
0.001153038277595400	0.001153038277595400	-0.001593984237480600	-0.001593984237480600	-0.001593984237480600	0.001153038277595400	286.379999999999995453
0.001177834870361500	0.001177834870361500	-0.001654639090217500	-0.001654639090217500	-0.001654639090217500	0.001177834870361500	286.420000000000015916
0.001210042026173900	0.001210042026173900	-0.001718760048410500	-0.001718760048410500	-0.001718760048410500	0.001210042026173900	286.459999999999979536
0.001246124496249700	0.001246124496249700	-0.001783246288805200	-0.001783246288805200	-0.001783246288805200	0.001246124496249700	286.500000000000000000
0.001284672547475500	0.001284672547475500	-0.001850223233618300	-0.001850223233618300	-0.001850223233618300	0.001284672547475500	286.540000000000020464
0.001328773071061500	0.001328773071061500	-0.001920408267548200	-0.001920408267548200	-0.001920408267548200	0.001328773071061500	286.579999999999984084
0.001375901513683700	0.001375901513683700	-0.001996854732427600	-0.001996854732427600	-0.001996854732427600	0.001375901513683700	286.620000000000004547
0.001437065541043900	0.001437065541043900	-0.002080054276074900	-0.002080054276074900	-0.002080054276074900	0.001437065541043900	286.660000000000025011
0.001515344210524400	0.001515344210524400	-0.002161280235869400	-0.002161280235869400	-0.002161280235869400	0.001515344210524400	286.699999999999988631
0.001599979334418500	0.001599979334418500	-0.002240823769104300	-0.002240823769104300	-0.002240823769104300	0.001599979334418500	286.740000000000009095
0.001700943779578700	0.001700943779578700	-0.002321185875170600	-0.002321185875170600	-0.002321185875170600	0.001700943779578700	286.779999999999972715
0.001820732872001800	0.001820732872001800	-0.002396664717996400	-0.002396664717996400	-0.002396664717996400	0.001820732872001800	286.819999999999993179
0.001960964643391300	0.001960964643391300	-0.002459847587573900	-0.002459847587573900	-0.002459847587573900	0.001960964643391300	286.860000000000013642
0.002115146229559100	0.002115146229559100	-0.002505017486954100	-0.002505017486954100	-0.002505017486954100	0.002115146229559100	286.899999999999977263
0.002278380591504300	0.002278380591504300	-0.002532575767967100	-0.002532575767967100	-0.002532575767967100	0.002278380591504300	286.939999999999997726
0.002455381777886600	0.002455381777886600	-0.002537094256317400	-0.002537094256317400	-0.002537094256317400	0.002455381777886600	286.980000000000018190
0.002629443757188000	0.002629443757188000	-0.002520517554666600	-0.002520517554666600	-0.002520517554666600	0.002629443757188000	287.019999999999981810
0.002822454294589500	0.002822454294589500	-0.002471840333938800	-0.002471840333938800	-0.002471840333938800	0.002822454294589500	287.060000000000002274
0.002991149329273800	0.002991149329273800	-0.002386484692052800	-0.002386484692052800	-0.002386484692052800	0.002991149329273800	287.100000000000022737
0.003141433205398800	0.003141433205398800	-0.002281106762129100	-0.002281106762129100	-0.002281106762129100	0.003141433205398800	287.139999999999986358
0.003274961759066600	0.003274961759066600	-0.002151992418525600	-0.002151992418525600	-0.002151992418525600	0.003274961759066600	287.180000000000006821
0.003363167353975000	0.003363167353975000	-0.002016021477764900	-0.002016021477764900	-0.002016021477764900	0.003363167353975000	287.220000000000027285
0.003442281827592800	0.003442281827592800	-0.001882300635343200	-0.001882300635343200	-0.001882300635343200	0.003442281827592800	287.259999999999990905
0.003495543280391500	0.003495543280391500	-0.001743407731076900	-0.001743407731076900	-0.001743407731076900	0.003495543280391500	287.300000000000011369
0.003518706637516200	0.003518706637516200	-0.001615740399139900	-0.001615740399139900	-0.001615740399139900	0.003518706637516200	287.339999999999974989
0.003535920924748900	0.003535920924748900	-0.001501908530154500	-0.001501908530154500	-0.001501908530154500	0.003535920924748900	287.379999999999995453
0.003539028933452400	0.003539028933452400	-0.001398423501677600	-0.001398423501677600	-0.001398423501677600	0.003539028933452400	287.420000000000015916
0.003535628631295700	0.003535628631295700	-0.001311800817641800	-0.001311800817641800	-0.001311800817641800	0.003535628631295700	287.459999999999979536
0.003541503930272800	0.003541503930272800	-0.001233523666668600	-0.001233523666668600	-0.001233523666668600	0.003541503930272800	287.500000000000000000
0.003541921272679100	0.003541921272679100	-0.001159831107250100	-0.001159831107250100	-0.001159831107250100	0.003541921272679100	287.540000000000020464
0.003551167456588200	0.003551167456588200	-0.001088149855421900	-0.001088149855421900	-0.001088149855421900	0.003551167456588200	287.579999999999984084
0.003555206643459100	0.003555206643459100	-0.001013022186129600	-0.001013022186129600	-0.001013022186129600	0.003555206643459100	287.620000000000004547
0.003554385453888100	0.003554385453888100	-0.000938230886311000	-0.000938230886311000	-0.000938230886311000	0.003554385453888100	287.660000000000025011
0.003545074638976000	0.003545074638976000	-0.000869280269278600	-0.000869280269278600	-0.000869280269278600	0.003545074638976000	287.699999999999988631
0.003541753190519800	0.003541753190519800	-0.000803197530068400	-0.000803197530068400	-0.000803197530068400	0.003541753190519800	287.740000000000009095
0.003530745230133800	0.003530745230133800	-0.000737629290463100	-0.000737629290463100	-0.000737629290463100	0.003530745230133800	287.779999999999972715
0.003519815153003900	0.003519815153003900	-0.000676970115822300	-0.000676970115822300	-0.000676970115822300	0.003519815153003900	287.819999999999993179
0.003512159406425800	0.003512159406425800	-0.000616072339423000	-0.000616072339423000	-0.000616072339423000	0.003512159406425800	287.860000000000013642
0.003503312536217300	0.003503312536217300	-0.000549586355245400	-0.000549586355245400	-0.000549586355245400	0.003503312536217300	287.899999999999977263
0.003483883396340300	0.003483883396340300	-0.000479429398856200	-0.000479429398856200	-0.000479429398856200	0.003483883396340300	287.939999999999997726
0.003451940166555700	0.003451940166555700	-0.000413967373177600	-0.000413967373177600	-0.000413967373177600	0.003451940166555700	287.980000000000018190
0.003415814901911600	0.003415814901911600	-0.000356255976171900	-0.000356255976171900	-0.000356255976171900	0.003415814901911600	288.019999999999981810
0.003375697135770800	0.003375697135770800	-0.000305285800279500	-0.000305285800279500	-0.000305285800279500	0.003375697135770800	288.060000000000002274
0.003335441883702600	0.003335441883702600	-0.000257791432749000	-0.000257791432749000	-0.000257791432749000	0.003335441883702600	288.100000000000022737
0.003282683369077100	0.003282683369077100	-0.000219936883341000	-0.000219936883341000	-0.000219936883341000	0.003282683369077100	288.139999999999986358
0.003238736253519000	0.003238736253519000	-0.000192298057209000	-0.000192298057209000	-0.000192298057209000	0.003238736253519000	288.180000000000006821
0.003192499928899400	0.003192499928899400	-0.000168377533405300	-0.000168377533405300	-0.000168377533405300	0.003192499928899400	288.220000000000027285
0.003143780278327500	0.003143780278327500	-0.000155394663500900	-0.000155394663500900	-0.000155394663500900	0.003143780278327500	288.259999999999990905
0.003106914682068000	0.003106914682068000	-0.000150276386237900	-0.000150276386237900	-0.000150276386237900	0.003106914682068000	288.300000000000011369
0.003075546380427500	0.003075546380427500	-0.000144641603776000	-0.000144641603776000	-0.000144641603776000	0.003075546380427500	288.339999999999974989
0.003042455966590700	0.003042455966590700	-0.000142803118058900	-0.000142803118058900	-0.000142803118058900	0.003042455966590700	288.379999999999995453
0.003020056915753700	0.003020056915753700	-0.000143053970314000	-0.000143053970314000	-0.000143053970314000	0.003020056915753700	288.420000000000015916
0.002998128883077900	0.002998128883077900	-0.000140376321283300	-0.000140376321283300	-0.000140376321283300	0.002998128883077900	288.459999999999979536
0.002973527106738800	0.002973527106738800	-0.000141607666357400	-0.000141607666357400	-0.000141607666357400	0.002973527106738800	288.500000000000000000
0.002958535805268000	0.002958535805268000	-0.000145754351925800	-0.000145754351925800	-0.000145754351925800	0.002958535805268000	288.540000000000020464
0.002949896345739200	0.002949896345739200	-0.000142152341585800	-0.000142152341585800	-0.000142152341585800	0.002949896345739200	288.579999999999984084
0.002926709952055000	0.002926709952055000	-0.000140639261973500	-0.000140639261973500	-0.000140639261973500	0.002926709952055000	288.620000000000004547
0.002916407663057600	0.002916407663057600	-0.000144084311941800	-0.000144084311941800	-0.000144084311941800	0.002916407663057600	288.660000000000025011
0.002904760457111500	0.002904760457111500	-0.000144753926907000	-0.000144753926907000	-0.000144753926907000	0.002904760457111500	288.699999999999988631
0.002895620121478500	0.002895620121478500	-0.000144816614852100	-0.000144816614852100	-0.000144816614852100	0.002895620121478500	288.740000000000009095
0.002884242902896600	0.002884242902896600	-0.000145396017263300	-0.000145396017263300	-0.000145396017263300	0.002884242902896600	288.779999999999972715
0.002876115661873400	0.002876115661873400	-0.000148000578438200	-0.000148000578438200	-0.000148000578438200	0.002876115661873400	288.819999999999993179
0.002873378686312100	0.002873378686312100	-0.000146135357707500	-0.000146135357707500	-0.000146135357707500	0.002873378686312100	288.860000000000013642
0.002861256491645500	0.002861256491645500	-0.000142902260099600	-0.000142902260099600	-0.000142902260099600	0.002861256491645500	288.899999999999977263
0.002848460939355800	0.002848460939355800	-0.000147415717841400	-0.000147415717841400	-0.000147415717841400	0.002848460939355800	288.939999999999997726
0.002846637496957900	0.002846637496957900	-0.000153211455861300	-0.000153211455861300	-0.000153211455861300	0.002846637496957900	288.980000000000018190
0.002847252432379700	0.002847252432379700	-0.000151310945616100	-0.000151310945616100	-0.000151310945616100	0.002847252432379700	289.019999999999981810
0.002837473771723000	0.002837473771723000	-0.000149094121697100	-0.000149094121697100	-0.000149094121697100	0.002837473771723000	289.060000000000002274
0.002830149631990300	0.002830149631990300	-0.000153092746746700	-0.000153092746746700	-0.000153092746746700	0.002830149631990300	289.100000000000022737
0.002830055830410700	0.002830055830410700	-0.000155753312083800	-0.000155753312083800	-0.000155753312083800	0.002830055830410700	289.139999999999986358
0.002827502480167400	0.002827502480167400	-0.000154148420255300	-0.000154148420255300	-0.000154148420255300	0.002827502480167400	289.180000000000006821
0.002819933992607200	0.002819933992607200	-0.000154749870540600	-0.000154749870540600	-0.000154749870540600	0.002819933992607200	289.220000000000027285
0.002816854366432500	0.002816854366432500	-0.000157002591914900	-0.000157002591914900	-0.000157002591914900	0.002816854366432500	289.259999999999990905
0.002811218667966000	0.002811218667966000	-0.000159099277400300	-0.000159099277400300	-0.000159099277400300	0.002811218667966000	289.300000000000011369
0.002805676001650100	0.002805676001650100	-0.000164742591203900	-0.000164742591203900	-0.000164742591203900	0.002805676001650100	289.339999999999974989
0.002806328783996400	0.002806328783996400	-0.000170097541466300	-0.000170097541466300	-0.000170097541466300	0.002806328783996400	289.379999999999995453
0.002804904444206400	0.002804904444206400	-0.000173225369794500	-0.000173225369794500	-0.000173225369794500	0.002804904444206400	289.420000000000015916
0.002802426060308200	0.002802426060308200	-0.000178217993090400	-0.000178217993090400	-0.000178217993090400	0.002802426060308200	289.459999999999979536
0.002803992623264500	0.002803992623264500	-0.000182945109659300	-0.000182945109659300	-0.000182945109659300	0.002803992623264500	289.500000000000000000
0.002801213394734500	0.002801213394734500	-0.000198974873158900	-0.000198974873158900	-0.000198974873158900	0.002801213394734500	289.625000000000000000
0.002806612688317300	0.002806612688317300	-0.000223230051126900	-0.000223230051126900	-0.000223230051126900	0.002806612688317300	289.750000000000000000
0.002820125952043300	0.002820125952043300	-0.000256598833581300	-0.000256598833581300	-0.000256598833581300	0.002820125952043300	289.875000000000000000
0.002863147126204200	0.002863147126204200	-0.000285126341119900	-0.000285126341119900	-0.000285126341119900	0.002863147126204200	290.000000000000000000
0.002904542113335600	0.002904542113335600	-0.000301164971129700	-0.000301164971129700	-0.000301164971129700	0.002904542113335600	290.125000000000000000
0.002949043459988100	0.002949043459988100	-0.000317228830108800	-0.000317228830108800	-0.000317228830108800	0.002949043459988100	290.250000000000000000
0.003008108628819200	0.003008108628819200	-0.000329168117073400	-0.000329168117073400	-0.000329168117073400	0.003008108628819200	290.375000000000000000
0.003075788491957400	0.003075788491957400	-0.000327163475822400	-0.000327163475822400	-0.000327163475822400	0.003075788491957400	290.500000000000000000
0.003139139782666100	0.003139139782666100	-0.000313455134217400	-0.000313455134217400	-0.000313455134217400	0.003139139782666100	290.625000000000000000
0.003200724502959200	0.003200724502959200	-0.000294003796883700	-0.000294003796883700	-0.000294003796883700	0.003200724502959200	290.750000000000000000
0.003260821548055900	0.003260821548055900	-0.000270883922705600	-0.000270883922705600	-0.000270883922705600	0.003260821548055900	290.875000000000000000
0.003323665027964100	0.003323665027964100	-0.000244174754653700	-0.000244174754653700	-0.000244174754653700	0.003323665027964100	291.000000000000000000
0.003391641553156200	0.003391641553156200	-0.000208604252303700	-0.000208604252303700	-0.000208604252303700	0.003391641553156200	291.125000000000000000
0.003458413958180600	0.003458413958180600	-0.000158014762452700	-0.000158014762452700	-0.000158014762452700	0.003458413958180600	291.250000000000000000
0.003507588494078800	0.003507588494078800	-0.000100662697409000	-0.000100662697409000	-0.000100662697409000	0.003507588494078800	291.375000000000000000
0.003550807862541000	0.003550807862541000	-0.000047493841729325	-0.000047493841729325	-0.000047493841729325	0.003550807862541000	291.500000000000000000
0.003597099238812000	0.003597099238812000	0.000005850862776604	0.000005850862776604	0.000005850862776604	0.003597099238812000	291.625000000000000000
0.003641860468761800	0.003641860468761800	0.000064363100766690	0.000064363100766690	0.000064363100766690	0.003641860468761800	291.750000000000000000
0.003681382687606000	0.003681382687606000	0.000124976675624900	0.000124976675624900	0.000124976675624900	0.003681382687606000	291.875000000000000000
0.003724402911963400	0.003724402911963400	0.000190726952626000	0.000190726952626000	0.000190726952626000	0.003724402911963400	292.000000000000000000
0.003759516599659200	0.003759516599659200	0.000265335541006600	0.000265335541006600	0.000265335541006600	0.003759516599659200	292.125000000000000000
0.003781502263981800	0.003781502263981800	0.000340091287496300	0.000340091287496300	0.000340091287496300	0.003781502263981800	292.250000000000000000
0.003800639081599400	0.003800639081599400	0.000410130959160400	0.000410130959160400	0.000410130959160400	0.003800639081599400	292.375000000000000000
0.003823065040103800	0.003823065040103800	0.000482513920699100	0.000482513920699100	0.000482513920699100	0.003823065040103800	292.500000000000000000
0.003838705474364400	0.003838705474364400	0.000560424837221400	0.000560424837221400	0.000560424837221400	0.003838705474364400	292.625000000000000000
0.003846462905696300	0.003846462905696300	0.000639693598614500	0.000639693598614500	0.000639693598614500	0.003846462905696300	292.750000000000000000
0.003847209209116700	0.003847209209116700	0.000717370102471800	0.000717370102471800	0.000717370102471800	0.003847209209116700	292.875000000000000000
0.003845181834838300	0.003845181834838300	0.000794503670098400	0.000794503670098400	0.000794503670098400	0.003845181834838300	293.000000000000000000
0.003836415294254200	0.003836415294254200	0.000872981159845900	0.000872981159845900	0.000872981159845900	0.003836415294254200	293.125000000000000000
0.003799184762375100	0.003799184762375100	0.000998471789389700	0.000998471789389700	0.000998471789389700	0.003799184762375100	293.350000000000022737
0.003749082323424900	0.003749082323424900	0.001183595453253600	0.001183595453253600	0.001183595453253600	0.003749082323424900	293.699999999999988631
0.003645942643820600	0.003645942643820600	0.001367491674089100	0.001367491674089100	0.001367491674089100	0.003645942643820600	294.050000000000011369
0.003471852709560900	0.003471852709560900	0.001485645016249100	0.001485645016249100	0.001485645016249100	0.003471852709560900	294.399999999999977263
0.003334022952618700	0.003334022952618700	0.001523700884393600	0.001523700884393600	0.001523700884393600	0.003334022952618700	294.750000000000000000
0.003247025225623400	0.003247025225623400	0.001533604983306200	0.001533604983306200	0.001533604983306200	0.003247025225623400	295.100000000000022737
0.003195732902983300	0.003195732902983300	0.001545057355975600	0.001545057355975600	0.001545057355975600	0.003195732902983300	295.449999999999988631
0.003164789283674000	0.003164789283674000	0.001570442776198800	0.001570442776198800	0.001570442776198800	0.003164789283674000	295.800000000000011369
0.003137292660762000	0.003137292660762000	0.001613406352660800	0.001613406352660800	0.001613406352660800	0.003137292660762000	296.149999999999977263
0.003093757200603700	0.003093757200603700	0.001661234955963600	0.001661234955963600	0.001661234955963600	0.003093757200603700	296.500000000000000000
0.003047634478176900	0.003047634478176900	0.001704926500970400	0.001704926500970400	0.001704926500970400	0.003047634478176900	296.850000000000022737
0.002989434907127000	0.002989434907127000	0.001738456171990900	0.001738456171990900	0.001738456171990900	0.002989434907127000	297.199999999999988631
0.002935048335614800	0.002935048335614800	0.001751727774385400	0.001751727774385400	0.001751727774385400	0.002935048335614800	297.550000000000011369
0.002905876716410200	0.002905876716410200	0.001758106050296800	0.001758106050296800	0.001758106050296800	0.002905876716410200	297.899999999999977263
0.002888800611427600	0.002888800611427600	0.001775584566608600	0.001775584566608600	0.001775584566608600	0.002888800611427600	298.250000000000000000
0.002863906927781700	0.002863906927781700	0.001797217147787100	0.001797217147787100	0.001797217147787100	0.002863906927781700	298.600000000000022737
0.002846926334280800	0.002846926334280800	0.001818306701776800	0.001818306701776800	0.001818306701776800	0.002846926334280800	298.949999999999988631
0.002831790841069300	0.002831790841069300	0.001845868029987900	0.001845868029987900	0.001845868029987900	0.002831790841069300	299.300000000000011369
0.002809530953332400	0.002809530953332400	0.001874617576506900	0.001874617576506900	0.001874617576506900	0.002809530953332400	299.649999999999977263
0.002789127057570700	0.002789127057570700	0.001900449806171300	0.001900449806171300	0.001900449806171300	0.002789127057570700	300.000000000000000000
0.002771489398224900	0.002771489398224900	0.001927141238642300	0.001927141238642300	0.001927141238642300	0.002771489398224900	300.350000000000022737
0.002753055107627800	0.002753055107627800	0.001954657129230300	0.001954657129230300	0.001954657129230300	0.002753055107627800	300.699999999999988631
0.002737369397380100	0.002737369397380100	0.001983021144723000	0.001983021144723000	0.001983021144723000	0.002737369397380100	301.050000000000011369
0.002723908805761400	0.002723908805761400	0.002016624427428900	0.002016624427428900	0.002016624427428900	0.002723908805761400	301.399999999999977263
0.002703850870555100	0.002703850870555100	0.002053804246937900	0.002053804246937900	0.002053804246937900	0.002703850870555100	301.750000000000000000
0.002681301245002900	0.002681301245002900	0.002091179788205800	0.002091179788205800	0.002091179788205800	0.002681301245002900	302.100000000000022737
0.002654353212781200	0.002654353212781200	0.002127633992888600	0.002127633992888600	0.002127633992888600	0.002654353212781200	302.449999999999988631
0.002627958718436900	0.002627958718436900	0.002164321383309300	0.002164321383309300	0.002164321383309300	0.002627958718436900	302.800000000000011369
0.002595697652013000	0.002595697652013000	0.002201200916066900	0.002201200916066900	0.002201200916066900	0.002595697652013000	303.149999999999977263
0.002561703079198100	0.002561703079198100	0.002236541798671700	0.002236541798671700	0.002236541798671700	0.002561703079198100	303.500000000000000000
0.002523872725949900	0.002523872725949900	0.002271156993832900	0.002271156993832900	0.002271156993832900	0.002523872725949900	303.850000000000022737
0.002481076045060000	0.002481076045060000	0.002302878661396700	0.002302878661396700	0.002302878661396700	0.002481076045060000	304.199999999999988631
0.002435069667096600	0.002435069667096600	0.002328913575802200	0.002328913575802200	0.002328913575802200	0.002435069667096600	304.550000000000011369
0.002392205997313500	0.002392205997313500	0.002352935699858500	0.002352935699858500	0.002352935699858500	0.002392205997313500	304.899999999999977263
0.002341193535552300	0.002341193535552300	0.002372860135082100	0.002372860135082100	0.002372860135082100	0.002341193535552300	305.250000000000000000
0.002294738757122800	0.002294738757122800	0.002387417213655500	0.002387417213655500	0.002387417213655500	0.002294738757122800	305.600000000000022737
0.002244060723665800	0.002244060723665800	0.002397295324973500	0.002397295324973500	0.002397295324973500	0.002244060723665800	305.949999999999988631
0.002199141918670400	0.002199141918670400	0.002402215796526600	0.002402215796526600	0.002402215796526600	0.002199141918670400	306.300000000000011369
0.002153967196921900	0.002153967196921900	0.002404731441267700	0.002404731441267700	0.002404731441267700	0.002153967196921900	306.649999999999977263
0.002111395450074600	0.002111395450074600	0.002403579904435400	0.002403579904435400	0.002403579904435400	0.002111395450074600	307.000000000000000000
0.002071249689944200	0.002071249689944200	0.002399817076557700	0.002399817076557700	0.002399817076557700	0.002071249689944200	307.350000000000022737
0.002033327535952800	0.002033327535952800	0.002392886243201900	0.002392886243201900	0.002392886243201900	0.002033327535952800	307.699999999999988631
0.002001409665229400	0.002001409665229400	0.002384686615882800	0.002384686615882800	0.002384686615882800	0.002001409665229400	308.050000000000011369
0.001972795856010200	0.001972795856010200	0.002378902003211900	0.002378902003211900	0.002378902003211900	0.001972795856010200	308.399999999999977263
0.001941564963323600	0.001941564963323600	0.002372547270660000	0.002372547270660000	0.002372547270660000	0.001941564963323600	308.750000000000000000
0.001915232539020200	0.001915232539020200	0.002365109809351200	0.002365109809351200	0.002365109809351200	0.001915232539020200	309.100000000000022737
0.001889435654721000	0.001889435654721000	0.002359780626101500	0.002359780626101500	0.002359780626101500	0.001889435654721000	309.449999999999988631
0.001860476387856000	0.001860476387856000	0.002352733646288500	0.002352733646288500	0.002352733646288500	0.001860476387856000	309.800000000000011369
0.001834704858609400	0.001834704858609400	0.002341915613049800	0.002341915613049800	0.002341915613049800	0.001834704858609400	310.149999999999977263
0.001814211639652000	0.001814211639652000	0.002331136097689800	0.002331136097689800	0.002331136097689800	0.001814211639652000	310.500000000000000000
0.001796150921590400	0.001796150921590400	0.002323772223488000	0.002323772223488000	0.002323772223488000	0.001796150921590400	310.850000000000022737
0.001774261985453600	0.001774261985453600	0.002316607374145200	0.002316607374145200	0.002316607374145200	0.001774261985453600	311.199999999999988631
0.001755305901728000	0.001755305901728000	0.002307568337767800	0.002307568337767800	0.002307568337767800	0.001755305901728000	311.550000000000011369
0.001738450897889400	0.001738450897889400	0.002299670837954300	0.002299670837954300	0.002299670837954300	0.001738450897889400	311.899999999999977263
0.001720688319055500	0.001720688319055500	0.002292182665835900	0.002292182665835900	0.002292182665835900	0.001720688319055500	312.250000000000000000
0.001703977390354800	0.001703977390354800	0.002283486312268500	0.002283486312268500	0.002283486312268500	0.001703977390354800	312.600000000000022737
0.001690825805001900	0.001690825805001900	0.002276108686019600	0.002276108686019600	0.002276108686019600	0.001690825805001900	312.949999999999988631
0.001675601131753600	0.001675601131753600	0.002269954417605200	0.002269954417605200	0.002269954417605200	0.001675601131753600	313.300000000000011369
0.001661717815162900	0.001661717815162900	0.002263785752253900	0.002263785752253900	0.002263785752253900	0.001661717815162900	313.649999999999977263
0.001646704932976700	0.001646704932976700	0.002257685820636900	0.002257685820636900	0.002257685820636900	0.001646704932976700	314.000000000000000000
0.001631859317398700	0.001631859317398700	0.002249703987240500	0.002249703987240500	0.002249703987240500	0.001631859317398700	314.350000000000022737
0.001620967738169700	0.001620967738169700	0.002241497783396500	0.002241497783396500	0.002241497783396500	0.001620967738169700	314.699999999999988631
0.001611966096212900	0.001611966096212900	0.002236417895622900	0.002236417895622900	0.002236417895622900	0.001611966096212900	315.050000000000011369
0.001600012695666700	0.001600012695666700	0.002233219868464500	0.002233219868464500	0.002233219868464500	0.001600012695666700	315.399999999999977263
0.001586174564537700	0.001586174564537700	0.002228492652442600	0.002228492652442600	0.002228492652442600	0.001586174564537700	315.750000000000000000
0.001573095718697100	0.001573095718697100	0.002220653965357600	0.002220653965357600	0.002220653965357600	0.001573095718697100	316.100000000000022737
0.001566866054256500	0.001566866054256500	0.002214654727777000	0.002214654727777000	0.002214654727777000	0.001566866054256500	316.449999999999988631
0.001557057993866800	0.001557057993866800	0.002212157408939000	0.002212157408939000	0.002212157408939000	0.001557057993866800	316.800000000000011369
0.001545741280741800	0.001545741280741800	0.002208616129011100	0.002208616129011100	0.002208616129011100	0.001545741280741800	317.149999999999977263
0.001536113027256200	0.001536113027256200	0.002204943520508600	0.002204943520508600	0.002204943520508600	0.001536113027256200	317.500000000000000000
0.001525600557428300	0.001525600557428300	0.002202124721521700	0.002202124721521700	0.002202124721521700	0.001525600557428300	317.850000000000022737
0.001513897629713600	0.001513897629713600	0.002198235563707000	0.002198235563707000	0.002198235563707000	0.001513897629713600	318.199999999999988631
0.001504638255817500	0.001504638255817500	0.002194284988903600	0.002194284988903600	0.002194284988903600	0.001504638255817500	318.550000000000011369
0.001494511028920800	0.001494511028920800	0.002191890090476600	0.002191890090476600	0.002191890090476600	0.001494511028920800	318.899999999999977263
0.001481159044776600	0.001481159044776600	0.002187087849402200	0.002187087849402200	0.002187087849402200	0.001481159044776600	319.250000000000000000
0.001473994299968900	0.001473994299968900	0.002182165079586900	0.002182165079586900	0.002182165079586900	0.001473994299968900	319.600000000000022737
0.001461923677921800	0.001461923677921800	0.002178245047388100	0.002178245047388100	0.002178245047388100	0.001461923677921800	320.000000000000000000
0.001422742241578000	0.001422742241578000	0.002159909467711300	0.002159909467711300	0.002159909467711300	0.001422742241578000	321.500000000000000000
0.001392544122009700	0.001392544122009700	0.002145491835915300	0.002145491835915300	0.002145491835915300	0.001392544122009700	323.000000000000000000
0.001360561201083400	0.001360561201083400	0.002137974135625900	0.002137974135625900	0.002137974135625900	0.001360561201083400	324.500000000000000000
0.001322028830361900	0.001322028830361900	0.002129739247635600	0.002129739247635600	0.002129739247635600	0.001322028830361900	326.000000000000000000
0.001286379769949900	0.001286379769949900	0.002118507668386700	0.002118507668386700	0.002118507668386700	0.001286379769949900	327.500000000000000000
0.001251893774603700	0.001251893774603700	0.002107838547504000	0.002107838547504000	0.002107838547504000	0.001251893774603700	329.000000000000000000
0.001215264065735800	0.001215264065735800	0.002095703401454600	0.002095703401454600	0.002095703401454600	0.001215264065735800	330.500000000000000000
0.001181897124210400	0.001181897124210400	0.002082418935217800	0.002082418935217800	0.002082418935217800	0.001181897124210400	332.000000000000000000
0.001146971718210600	0.001146971718210600	0.002069090546292200	0.002069090546292200	0.002069090546292200	0.001146971718210600	333.500000000000000000
0.001111040555195900	0.001111040555195900	0.002052957153855600	0.002052957153855600	0.002052957153855600	0.001111040555195900	335.000000000000000000
0.001076439493553600	0.001076439493553600	0.002033450836497800	0.002033450836497800	0.002033450836497800	0.001076439493553600	336.500000000000000000
0.001043458773757900	0.001043458773757900	0.002011019586291600	0.002011019586291600	0.002011019586291600	0.001043458773757900	338.000000000000000000
0.001011397278239600	0.001011397278239600	0.001983688553819300	0.001983688553819300	0.001983688553819300	0.001011397278239600	339.500000000000000000
0.000982099580486000	0.000982099580486000	0.001949798799431000	0.001949798799431000	0.001949798799431000	0.000982099580486000	341.000000000000000000
