beta_para	beta_perp	delta_para	delta_perp	delta	beta	energy
0.000585171000000000	0.000585171000000000	0.002313114000000000	0.002313114000000000	0.002313114000000000	0.000585171000000000	260.000000000000000000
0.000583631000000000	0.000583631000000000	0.002301595000000000	0.002301595000000000	0.002301595000000000	0.000583631000000000	260.300000000000011369
0.000582097000000000	0.000582097000000000	0.002290024000000000	0.002290024000000000	0.002290024000000000	0.000582097000000000	260.600000000000022737
0.000580569000000000	0.000580569000000000	0.002278398000000000	0.002278398000000000	0.002278398000000000	0.000580569000000000	260.899999999999977263
0.000579045000000000	0.000579045000000000	0.002266716000000000	0.002266716000000000	0.002266716000000000	0.000579045000000000	261.199999999999988631
0.000577528000000000	0.000577528000000000	0.002254974000000000	0.002254974000000000	0.002254974000000000	0.000577528000000000	261.500000000000000000
0.000576015000000000	0.000576015000000000	0.002243171000000000	0.002243171000000000	0.002243171000000000	0.000576015000000000	261.800000000000011369
0.000574509000000000	0.000574509000000000	0.002231304000000000	0.002231304000000000	0.002231304000000000	0.000574509000000000	262.100000000000022737
0.000573007000000000	0.000573007000000000	0.002219370000000000	0.002219370000000000	0.002219370000000000	0.000573007000000000	262.399999999999977263
0.000571511000000000	0.000571511000000000	0.002207367000000000	0.002207367000000000	0.002207367000000000	0.000571511000000000	262.699999999999988631
0.000570020000000000	0.000570020000000000	0.002195292000000000	0.002195292000000000	0.002195292000000000	0.000570020000000000	263.000000000000000000
0.000568535000000000	0.000568535000000000	0.002183141000000000	0.002183141000000000	0.002183141000000000	0.000568535000000000	263.300000000000011369
0.000567054000000000	0.000567054000000000	0.002170912000000000	0.002170912000000000	0.002170912000000000	0.000567054000000000	263.600000000000022737
0.000565580000000000	0.000565580000000000	0.002158598000000000	0.002158598000000000	0.002158598000000000	0.000565580000000000	263.899999999999977263
0.000564120000000000	0.000564120000000000	0.002146200000000000	0.002146200000000000	0.002146200000000000	0.000564120000000000	264.199999999999988631
0.000562667000000000	0.000562667000000000	0.002133720000000000	0.002133720000000000	0.002133720000000000	0.000562667000000000	264.500000000000000000
0.000561219000000000	0.000561219000000000	0.002121154000000000	0.002121154000000000	0.002121154000000000	0.000561219000000000	264.800000000000011369
0.000559776000000000	0.000559776000000000	0.002108495000000000	0.002108495000000000	0.002108495000000000	0.000559776000000000	265.100000000000022737
0.000558338000000000	0.000558338000000000	0.002095741000000000	0.002095741000000000	0.002095741000000000	0.000558338000000000	265.399999999999977263
0.000556906000000000	0.000556906000000000	0.002082886000000000	0.002082886000000000	0.002082886000000000	0.000556906000000000	265.699999999999988631
0.000555478000000000	0.000555478000000000	0.002069927000000000	0.002069927000000000	0.002069927000000000	0.000555478000000000	266.000000000000000000
0.000554056000000000	0.000554056000000000	0.002056860000000000	0.002056860000000000	0.002056860000000000	0.000554056000000000	266.300000000000011369
0.000552638000000000	0.000552638000000000	0.002043681000000000	0.002043681000000000	0.002043681000000000	0.000552638000000000	266.600000000000022737
0.000551225000000000	0.000551225000000000	0.002030383000000000	0.002030383000000000	0.002030383000000000	0.000551225000000000	266.899999999999977263
0.000549818000000000	0.000549818000000000	0.002016964000000000	0.002016964000000000	0.002016964000000000	0.000549818000000000	267.199999999999988631
0.000548415000000000	0.000548415000000000	0.002003416000000000	0.002003416000000000	0.002003416000000000	0.000548415000000000	267.500000000000000000
0.000547017000000000	0.000547017000000000	0.001989735000000000	0.001989735000000000	0.001989735000000000	0.000547017000000000	267.800000000000011369
0.000545624000000000	0.000545624000000000	0.001975913000000000	0.001975913000000000	0.001975913000000000	0.000545624000000000	268.100000000000022737
0.000544243000000000	0.000544243000000000	0.001961945000000000	0.001961945000000000	0.001961945000000000	0.000544243000000000	268.399999999999977263
0.000542870000000000	0.000542870000000000	0.001947831000000000	0.001947831000000000	0.001947831000000000	0.000542870000000000	268.699999999999988631
0.000541503000000000	0.000541503000000000	0.001933565000000000	0.001933565000000000	0.001933565000000000	0.000541503000000000	269.000000000000000000
0.000540139000000000	0.000540139000000000	0.001919138000000000	0.001919138000000000	0.001919138000000000	0.000540139000000000	269.300000000000011369
0.000538781000000000	0.000538781000000000	0.001904543000000000	0.001904543000000000	0.001904543000000000	0.000538781000000000	269.600000000000022737
0.000537427000000000	0.000537427000000000	0.001889772000000000	0.001889772000000000	0.001889772000000000	0.000537427000000000	269.899999999999977263
0.000536079000000000	0.000536079000000000	0.001874817000000000	0.001874817000000000	0.001874817000000000	0.000536079000000000	270.199999999999988631
0.000534735000000000	0.000534735000000000	0.001859670000000000	0.001859670000000000	0.001859670000000000	0.000534735000000000	270.500000000000000000
0.000533395000000000	0.000533395000000000	0.001844323000000000	0.001844323000000000	0.001844323000000000	0.000533395000000000	270.800000000000011369
0.000532060000000000	0.000532060000000000	0.001828767000000000	0.001828767000000000	0.001828767000000000	0.000532060000000000	271.100000000000022737
0.000530730000000000	0.000530730000000000	0.001812993000000000	0.001812993000000000	0.001812993000000000	0.000530730000000000	271.399999999999977263
0.000529404000000000	0.000529404000000000	0.001796993000000000	0.001796993000000000	0.001796993000000000	0.000529404000000000	271.699999999999988631
0.000528082000000000	0.000528082000000000	0.001780759000000000	0.001780759000000000	0.001780759000000000	0.000528082000000000	272.000000000000000000
0.000526765000000000	0.000526765000000000	0.001764291000000000	0.001764291000000000	0.001764291000000000	0.000526765000000000	272.300000000000011369
0.000525430000000000	0.000525430000000000	0.001747601000000000	0.001747601000000000	0.001747601000000000	0.000525430000000000	272.600000000000022737
0.000523983000000000	0.000523983000000000	0.001730616000000000	0.001730616000000000	0.001730616000000000	0.000523983000000000	272.899999999999977263
0.000522541000000000	0.000522541000000000	0.001713259000000000	0.001713259000000000	0.001713259000000000	0.000522541000000000	273.199999999999988631
0.000521104000000000	0.000521104000000000	0.001695561000000000	0.001695561000000000	0.001695561000000000	0.000521104000000000	273.500000000000000000
0.000519672000000000	0.000519672000000000	0.001677508000000000	0.001677508000000000	0.001677508000000000	0.000519672000000000	273.800000000000011369
0.000518244000000000	0.000518244000000000	0.001659086000000000	0.001659086000000000	0.001659086000000000	0.000518244000000000	274.100000000000022737
0.000516823000000000	0.000516823000000000	0.001640276000000000	0.001640276000000000	0.001640276000000000	0.000516823000000000	274.399999999999977263
0.000515406000000000	0.000515406000000000	0.001621057000000000	0.001621057000000000	0.001621057000000000	0.000515406000000000	274.699999999999988631
0.000513994000000000	0.000513994000000000	0.001601407000000000	0.001601407000000000	0.001601407000000000	0.000513994000000000	275.000000000000000000
0.000512587000000000	0.000512587000000000	0.001581300000000000	0.001581300000000000	0.001581300000000000	0.000512587000000000	275.300000000000011369
0.000511184000000000	0.000511184000000000	0.001560708000000000	0.001560708000000000	0.001560708000000000	0.000511184000000000	275.600000000000022737
0.000509787000000000	0.000509787000000000	0.001539603000000000	0.001539603000000000	0.001539603000000000	0.000509787000000000	275.899999999999977263
0.000508395000000000	0.000508395000000000	0.001517952000000000	0.001517952000000000	0.001517952000000000	0.000508395000000000	276.199999999999988631
0.000507007000000000	0.000507007000000000	0.001495722000000000	0.001495722000000000	0.001495722000000000	0.000507007000000000	276.500000000000000000
0.000505625000000000	0.000505625000000000	0.001472895000000000	0.001472895000000000	0.001472895000000000	0.000505625000000000	276.800000000000011369
0.000504182000000000	0.000504182000000000	0.001449419000000000	0.001449419000000000	0.001449419000000000	0.000504182000000000	277.100000000000022737
0.000502673000000000	0.000502673000000000	0.001425173000000000	0.001425173000000000	0.001425173000000000	0.000502673000000000	277.399999999999977263
0.000501169000000000	0.000501169000000000	0.001400084000000000	0.001400084000000000	0.001400084000000000	0.000501169000000000	277.699999999999988631
0.000499671000000000	0.000499671000000000	0.001374116000000000	0.001374116000000000	0.001374116000000000	0.000499671000000000	278.000000000000000000
0.000498178000000000	0.000498178000000000	0.001347199000000000	0.001347199000000000	0.001347199000000000	0.000498178000000000	278.300000000000011369
0.000496691000000000	0.000496691000000000	0.001319252000000000	0.001319252000000000	0.001319252000000000	0.000496691000000000	278.600000000000022737
0.000495209000000000	0.000495209000000000	0.001290179000000000	0.001290179000000000	0.001290179000000000	0.000495209000000000	278.899999999999977263
0.000493731000000000	0.000493731000000000	0.001259869000000000	0.001259869000000000	0.001259869000000000	0.000493731000000000	279.199999999999988631
0.000492259000000000	0.000492259000000000	0.001228186000000000	0.001228186000000000	0.001228186000000000	0.000492259000000000	279.500000000000000000
0.000490793000000000	0.000490793000000000	0.001194959000000000	0.001194959000000000	0.001194959000000000	0.000490793000000000	279.800000000000011369
0.000489331000000000	0.000489331000000000	0.001159650000000000	0.001159650000000000	0.001159650000000000	0.000489331000000000	280.100000000000022737
0.000489667000000000	0.000489667000000000	0.001123627000000000	0.001123627000000000	0.001123627000000000	0.000489667000000000	280.399999999999977263
0.000486538000000000	0.000486538000000000	0.001085807000000000	0.001085807000000000	0.001085807000000000	0.000486538000000000	280.699999999999988631
0.000484854000000000	0.000484854000000000	0.001044008000000000	0.001044008000000000	0.001044008000000000	0.000484854000000000	281.000000000000000000
0.000483445000000000	0.000483445000000000	0.000999756000000000	0.000999756000000000	0.000999756000000000	0.000483445000000000	281.300000000000011369
0.000481576000000000	0.000481576000000000	0.000951489000000000	0.000951489000000000	0.000951489000000000	0.000481576000000000	281.600000000000022737
0.000482631000000000	0.000482631000000000	0.000899858000000000	0.000899858000000000	0.000899858000000000	0.000482631000000000	281.899999999999977263
0.000482285000000000	0.000482285000000000	0.000845715000000000	0.000845715000000000	0.000845715000000000	0.000482285000000000	282.199999999999988631
0.000480272000000000	0.000480272000000000	0.000785279000000000	0.000785279000000000	0.000785279000000000	0.000480272000000000	282.500000000000000000
0.000479032000000000	0.000479032000000000	0.000716912000000000	0.000716912000000000	0.000716912000000000	0.000479032000000000	282.800000000000011369
0.000478109000000000	0.000478109000000000	0.000666517000000000	0.000666517000000000	0.000666517000000000	0.000478109000000000	283.000000000000000000
0.000478014000000000	0.000478014000000000	0.000663396000000000	0.000663396000000000	0.000663396000000000	0.000478014000000000	283.012000000000000455
0.000477901000000000	0.000477901000000000	0.000660004000000000	0.000660004000000000	0.000660004000000000	0.000477901000000000	283.024999999999977263
0.000477771000000000	0.000477771000000000	0.000656665000000000	0.000656665000000000	0.000656665000000000	0.000477771000000000	283.038000000000010914
0.000477448000000000	0.000477448000000000	0.000653617000000000	0.000653617000000000	0.000653617000000000	0.000477448000000000	283.050000000000011369
0.000476897000000000	0.000476897000000000	0.000650108000000000	0.000650108000000000	0.000650108000000000	0.000476897000000000	283.062999999999988177
0.000476352000000000	0.000476352000000000	0.000646584000000000	0.000646584000000000	0.000646584000000000	0.000476352000000000	283.074999999999988631
0.000475914000000000	0.000475914000000000	0.000642768000000000	0.000642768000000000	0.000642768000000000	0.000475914000000000	283.086999999999989086
0.000475721000000000	0.000475721000000000	0.000638424000000000	0.000638424000000000	0.000638424000000000	0.000475721000000000	283.100000000000022737
0.000476075000000000	0.000476075000000000	0.000633945000000000	0.000633945000000000	0.000633945000000000	0.000476075000000000	283.112999999999999545
0.000477099000000000	0.000477099000000000	0.000630698000000000	0.000630698000000000	0.000630698000000000	0.000477099000000000	283.125000000000000000
0.000476975000000000	0.000476975000000000	0.000627663000000000	0.000627663000000000	0.000627663000000000	0.000476975000000000	283.137000000000000455
0.000476900000000000	0.000476900000000000	0.000624006000000000	0.000624006000000000	0.000624006000000000	0.000476900000000000	283.149999999999977263
0.000477129000000000	0.000477129000000000	0.000620718000000000	0.000620718000000000	0.000620718000000000	0.000477129000000000	283.163000000000010914
0.000475720000000000	0.000475720000000000	0.000617155000000000	0.000617155000000000	0.000617155000000000	0.000475720000000000	283.175000000000011369
0.000475780000000000	0.000475780000000000	0.000612529000000000	0.000612529000000000	0.000612529000000000	0.000475780000000000	283.187999999999988177
0.000475921000000000	0.000475921000000000	0.000608462000000000	0.000608462000000000	0.000608462000000000	0.000475921000000000	283.199999999999988631
0.000476518000000000	0.000476518000000000	0.000604632000000000	0.000604632000000000	0.000604632000000000	0.000476518000000000	283.211999999999989086
0.000476863000000000	0.000476863000000000	0.000600863000000000	0.000600863000000000	0.000600863000000000	0.000476863000000000	283.225000000000022737
0.000477182000000000	0.000477182000000000	0.000597375000000000	0.000597375000000000	0.000597375000000000	0.000477182000000000	283.237999999999999545
0.000476710000000000	0.000476710000000000	0.000593965000000000	0.000593965000000000	0.000593965000000000	0.000476710000000000	283.250000000000000000
0.000476606000000000	0.000476606000000000	0.000590292000000000	0.000590292000000000	0.000590292000000000	0.000476606000000000	283.262000000000000455
0.000476070000000000	0.000476070000000000	0.000586076000000000	0.000586076000000000	0.000586076000000000	0.000476070000000000	283.274999999999977263
0.000475999000000000	0.000475999000000000	0.000581455000000000	0.000581455000000000	0.000581455000000000	0.000475999000000000	283.288000000000010914
0.000476691000000000	0.000476691000000000	0.000577617000000000	0.000577617000000000	0.000577617000000000	0.000476691000000000	283.300000000000011369
0.000476221000000000	0.000476221000000000	0.000573435000000000	0.000573435000000000	0.000573435000000000	0.000476221000000000	283.312999999999988177
0.000476769000000000	0.000476769000000000	0.000569497000000000	0.000569497000000000	0.000569497000000000	0.000476769000000000	283.324999999999988631
0.000476276000000000	0.000476276000000000	0.000565415000000000	0.000565415000000000	0.000565415000000000	0.000476276000000000	283.336999999999989086
0.000477260000000000	0.000477260000000000	0.000560777000000000	0.000560777000000000	0.000560777000000000	0.000477260000000000	283.350000000000022737
0.000477696000000000	0.000477696000000000	0.000557107000000000	0.000557107000000000	0.000557107000000000	0.000477696000000000	283.362999999999999545
0.000477581000000000	0.000477581000000000	0.000553451000000000	0.000553451000000000	0.000553451000000000	0.000477581000000000	283.375000000000000000
0.000477821000000000	0.000477821000000000	0.000549813000000000	0.000549813000000000	0.000549813000000000	0.000477821000000000	283.387000000000000455
0.000477573000000000	0.000477573000000000	0.000546268000000000	0.000546268000000000	0.000546268000000000	0.000477573000000000	283.399999999999977263
0.000475847000000000	0.000475847000000000	0.000541403000000000	0.000541403000000000	0.000541403000000000	0.000475847000000000	283.413000000000010914
0.000476959000000000	0.000476959000000000	0.000537008000000000	0.000537008000000000	0.000537008000000000	0.000476959000000000	283.425000000000011369
0.000475554000000000	0.000475554000000000	0.000532196000000000	0.000532196000000000	0.000532196000000000	0.000475554000000000	283.437999999999988177
0.000476866000000000	0.000476866000000000	0.000527406000000000	0.000527406000000000	0.000527406000000000	0.000476866000000000	283.449999999999988631
0.000477079000000000	0.000477079000000000	0.000523914000000000	0.000523914000000000	0.000523914000000000	0.000477079000000000	283.461999999999989086
0.000475957000000000	0.000475957000000000	0.000519457000000000	0.000519457000000000	0.000519457000000000	0.000475957000000000	283.475000000000022737
0.000475611000000000	0.000475611000000000	0.000513700000000000	0.000513700000000000	0.000513700000000000	0.000475611000000000	283.487999999999999545
0.000477156000000000	0.000477156000000000	0.000509258000000000	0.000509258000000000	0.000509258000000000	0.000477156000000000	283.500000000000000000
0.000476737000000000	0.000476737000000000	0.000505679000000000	0.000505679000000000	0.000505679000000000	0.000476737000000000	283.512000000000000455
0.000475585000000000	0.000475585000000000	0.000500149000000000	0.000500149000000000	0.000500149000000000	0.000475585000000000	283.524999999999977263
0.000476864000000000	0.000476864000000000	0.000494805000000000	0.000494805000000000	0.000494805000000000	0.000476864000000000	283.538000000000010914
0.000476822000000000	0.000476822000000000	0.000490532000000000	0.000490532000000000	0.000490532000000000	0.000476822000000000	283.550000000000011369
0.000476907000000000	0.000476907000000000	0.000485773000000000	0.000485773000000000	0.000485773000000000	0.000476907000000000	283.562999999999988177
0.000475701000000000	0.000475701000000000	0.000480355000000000	0.000480355000000000	0.000480355000000000	0.000475701000000000	283.574999999999988631
0.000477734000000000	0.000477734000000000	0.000474912000000000	0.000474912000000000	0.000474912000000000	0.000477734000000000	283.586999999999989086
0.000478243000000000	0.000478243000000000	0.000470894000000000	0.000470894000000000	0.000470894000000000	0.000478243000000000	283.600000000000022737
0.000477439000000000	0.000477439000000000	0.000466029000000000	0.000466029000000000	0.000466029000000000	0.000477439000000000	283.612999999999999545
0.000477307000000000	0.000477307000000000	0.000460614000000000	0.000460614000000000	0.000460614000000000	0.000477307000000000	283.625000000000000000
0.000478397000000000	0.000478397000000000	0.000455778000000000	0.000455778000000000	0.000455778000000000	0.000478397000000000	283.637000000000000455
0.000478106000000000	0.000478106000000000	0.000450959000000000	0.000450959000000000	0.000450959000000000	0.000478106000000000	283.649999999999977263
0.000477813000000000	0.000477813000000000	0.000445555000000000	0.000445555000000000	0.000445555000000000	0.000477813000000000	283.663000000000010914
0.000477453000000000	0.000477453000000000	0.000439980000000000	0.000439980000000000	0.000439980000000000	0.000477453000000000	283.675000000000011369
0.000478344000000000	0.000478344000000000	0.000434282000000000	0.000434282000000000	0.000434282000000000	0.000478344000000000	283.687999999999988177
0.000477884000000000	0.000477884000000000	0.000429106000000000	0.000429106000000000	0.000429106000000000	0.000477884000000000	283.699999999999988631
0.000478068000000000	0.000478068000000000	0.000423306000000000	0.000423306000000000	0.000423306000000000	0.000478068000000000	283.711999999999989086
0.000478656000000000	0.000478656000000000	0.000417200000000000	0.000417200000000000	0.000417200000000000	0.000478656000000000	283.725000000000022737
0.000479061000000000	0.000479061000000000	0.000411112000000000	0.000411112000000000	0.000411112000000000	0.000479061000000000	283.737999999999999545
0.000479873000000000	0.000479873000000000	0.000405502000000000	0.000405502000000000	0.000405502000000000	0.000479873000000000	283.750000000000000000
0.000480522000000000	0.000480522000000000	0.000400100000000000	0.000400100000000000	0.000400100000000000	0.000480522000000000	283.762000000000000455
0.000481386000000000	0.000481386000000000	0.000394426000000000	0.000394426000000000	0.000394426000000000	0.000481386000000000	283.774999999999977263
0.000481928000000000	0.000481928000000000	0.000389243000000000	0.000389243000000000	0.000389243000000000	0.000481928000000000	283.788000000000010914
0.000481370000000000	0.000481370000000000	0.000383907000000000	0.000383907000000000	0.000383907000000000	0.000481370000000000	283.800000000000011369
0.000481711000000000	0.000481711000000000	0.000377851000000000	0.000377851000000000	0.000377851000000000	0.000481711000000000	283.812999999999988177
0.000481180000000000	0.000481180000000000	0.000372409000000000	0.000372409000000000	0.000372409000000000	0.000481180000000000	283.824999999999988631
0.000480413000000000	0.000480413000000000	0.000365837000000000	0.000365837000000000	0.000365837000000000	0.000480413000000000	283.836999999999989086
0.000480937000000000	0.000480937000000000	0.000358536000000000	0.000358536000000000	0.000358536000000000	0.000480937000000000	283.850000000000022737
0.000481189000000000	0.000481189000000000	0.000351695000000000	0.000351695000000000	0.000351695000000000	0.000481189000000000	283.862999999999999545
0.000480972000000000	0.000480972000000000	0.000344699000000000	0.000344699000000000	0.000344699000000000	0.000480972000000000	283.875000000000000000
0.000482344000000000	0.000482344000000000	0.000337692000000000	0.000337692000000000	0.000337692000000000	0.000482344000000000	283.887000000000000455
0.000482687000000000	0.000482687000000000	0.000330439000000000	0.000330439000000000	0.000330439000000000	0.000482687000000000	283.899999999999977263
0.000484096000000000	0.000484096000000000	0.000323039000000000	0.000323039000000000	0.000323039000000000	0.000484096000000000	283.913000000000010914
0.000484734000000000	0.000484734000000000	0.000316676000000000	0.000316676000000000	0.000316676000000000	0.000484734000000000	283.925000000000011369
0.000485110000000000	0.000485110000000000	0.000309079000000000	0.000309079000000000	0.000309079000000000	0.000485110000000000	283.937999999999988177
0.000486527000000000	0.000486527000000000	0.000302149000000000	0.000302149000000000	0.000302149000000000	0.000486527000000000	283.949999999999988631
0.000487019000000000	0.000487019000000000	0.000295808000000000	0.000295808000000000	0.000295808000000000	0.000487019000000000	283.961999999999989086
0.000486673000000000	0.000486673000000000	0.000287629000000000	0.000287629000000000	0.000287629000000000	0.000486673000000000	283.975000000000022737
0.000488577000000000	0.000488577000000000	0.000279518000000000	0.000279518000000000	0.000279518000000000	0.000488577000000000	283.987999999999999545
0.000488358000000000	0.000488358000000000	0.000271891000000000	0.000271891000000000	0.000271891000000000	0.000488358000000000	284.000000000000000000
0.000490438000000000	0.000490438000000000	0.000264166000000000	0.000264166000000000	0.000264166000000000	0.000490438000000000	284.012000000000000455
0.000490539000000000	0.000490539000000000	0.000256079000000000	0.000256079000000000	0.000256079000000000	0.000490539000000000	284.024999999999977263
0.000491318000000000	0.000491318000000000	0.000246482000000000	0.000246482000000000	0.000246482000000000	0.000491318000000000	284.038000000000010914
0.000493891000000000	0.000493891000000000	0.000238389000000000	0.000238389000000000	0.000238389000000000	0.000493891000000000	284.050000000000011369
0.000494690000000000	0.000494690000000000	0.000230090000000000	0.000230090000000000	0.000230090000000000	0.000494690000000000	284.062999999999988177
0.000495868000000000	0.000495868000000000	0.000221590000000000	0.000221590000000000	0.000221590000000000	0.000495868000000000	284.074999999999988631
0.000497330000000000	0.000497330000000000	0.000213634000000000	0.000213634000000000	0.000213634000000000	0.000497330000000000	284.086999999999989086
0.000497467000000000	0.000497467000000000	0.000204152000000000	0.000204152000000000	0.000204152000000000	0.000497467000000000	284.100000000000022737
0.000498584000000000	0.000498584000000000	0.000193216000000000	0.000193216000000000	0.000193216000000000	0.000498584000000000	284.112999999999999545
0.000500808000000000	0.000500808000000000	0.000183909000000000	0.000183909000000000	0.000183909000000000	0.000500808000000000	284.125000000000000000
0.000501076000000000	0.000501076000000000	0.000173571000000000	0.000173571000000000	0.000173571000000000	0.000501076000000000	284.137000000000000455
0.000505041000000000	0.000505041000000000	0.000162089000000000	0.000162089000000000	0.000162089000000000	0.000505041000000000	284.149999999999977263
0.000506204000000000	0.000506204000000000	0.000150970000000000	0.000150970000000000	0.000150970000000000	0.000506204000000000	284.163000000000010914
0.000509696000000000	0.000509696000000000	0.000139393000000000	0.000139393000000000	0.000139393000000000	0.000509696000000000	284.175000000000011369
0.000513465000000000	0.000513465000000000	0.000129000000000000	0.000129000000000000	0.000129000000000000	0.000513465000000000	284.187999999999988177
0.000513668000000000	0.000513668000000000	0.000118000000000000	0.000118000000000000	0.000118000000000000	0.000513668000000000	284.199999999999988631
0.000517963000000000	0.000517963000000000	0.000104000000000000	0.000104000000000000	0.000104000000000000	0.000517963000000000	284.211999999999989086
0.000522303000000000	0.000522303000000000	0.000090300000000000	0.000090300000000000	0.000090300000000000	0.000522303000000000	284.225000000000022737
0.000529397000000000	0.000529397000000000	0.000077400000000000	0.000077400000000000	0.000077400000000000	0.000529397000000000	284.237999999999999545
0.000533264000000000	0.000533264000000000	0.000066100000000000	0.000066100000000000	0.000066100000000000	0.000533264000000000	284.250000000000000000
0.000537281000000000	0.000537281000000000	0.000052000000000000	0.000052000000000000	0.000052000000000000	0.000537281000000000	284.262000000000000455
0.000546229000000000	0.000546229000000000	0.000036800000000000	0.000036800000000000	0.000036800000000000	0.000546229000000000	284.274999999999977263
0.000553657000000000	0.000553657000000000	0.000023000000000000	0.000023000000000000	0.000023000000000000	0.000553657000000000	284.288000000000010914
0.000561367000000000	0.000561367000000000	0.000008560000000000	0.000008560000000000	0.000008560000000000	0.000561367000000000	284.300000000000011369
0.000573030000000000	0.000573030000000000	-0.000006090000000000	-0.000006090000000000	-0.000006090000000000	0.000573030000000000	284.312999999999988177
0.000582346000000000	0.000582346000000000	-0.000019500000000000	-0.000019500000000000	-0.000019500000000000	0.000582346000000000	284.324999999999988631
0.000595665000000000	0.000595665000000000	-0.000032500000000000	-0.000032500000000000	-0.000032500000000000	0.000595665000000000	284.336999999999989086
0.000608323000000000	0.000608323000000000	-0.000045000000000000	-0.000045000000000000	-0.000045000000000000	0.000608323000000000	284.350000000000022737
0.000622631000000000	0.000622631000000000	-0.000058900000000000	-0.000058900000000000	-0.000058900000000000	0.000622631000000000	284.362999999999999545
0.000639512000000000	0.000639512000000000	-0.000069900000000000	-0.000069900000000000	-0.000069900000000000	0.000639512000000000	284.375000000000000000
0.000655986000000000	0.000655986000000000	-0.000077600000000000	-0.000077600000000000	-0.000077600000000000	0.000655986000000000	284.387000000000000455
0.000672361000000000	0.000672361000000000	-0.000084600000000000	-0.000084600000000000	-0.000084600000000000	0.000672361000000000	284.399999999999977263
0.000688073000000000	0.000688073000000000	-0.000092200000000000	-0.000092200000000000	-0.000092200000000000	0.000688073000000000	284.413000000000010914
0.000705041000000000	0.000705041000000000	-0.000099400000000000	-0.000099400000000000	-0.000099400000000000	0.000705041000000000	284.425000000000011369
0.000726912000000000	0.000726912000000000	-0.000100069000000000	-0.000100069000000000	-0.000100069000000000	0.000726912000000000	284.437999999999988177
0.000737576000000000	0.000737576000000000	-0.000100463000000000	-0.000100463000000000	-0.000100463000000000	0.000737576000000000	284.449999999999988631
0.000753601000000000	0.000753601000000000	-0.000101384000000000	-0.000101384000000000	-0.000101384000000000	0.000753601000000000	284.461999999999989086
0.000764952000000000	0.000764952000000000	-0.000099900000000000	-0.000099900000000000	-0.000099900000000000	0.000764952000000000	284.475000000000022737
0.000775278000000000	0.000775278000000000	-0.000100921000000000	-0.000100921000000000	-0.000100921000000000	0.000775278000000000	284.487999999999999545
0.000785643000000000	0.000785643000000000	-0.000102849000000000	-0.000102849000000000	-0.000102849000000000	0.000785643000000000	284.500000000000000000
0.000797068000000000	0.000797068000000000	-0.000103387000000000	-0.000103387000000000	-0.000103387000000000	0.000797068000000000	284.512000000000000455
0.000807081000000000	0.000807081000000000	-0.000102573000000000	-0.000102573000000000	-0.000102573000000000	0.000807081000000000	284.524999999999977263
0.000815074000000000	0.000815074000000000	-0.000102380000000000	-0.000102380000000000	-0.000102380000000000	0.000815074000000000	284.538000000000010914
0.000821100000000000	0.000821100000000000	-0.000103785000000000	-0.000103785000000000	-0.000103785000000000	0.000821100000000000	284.550000000000011369
0.000827884000000000	0.000827884000000000	-0.000107758000000000	-0.000107758000000000	-0.000107758000000000	0.000827884000000000	284.562999999999988177
0.000837155000000000	0.000837155000000000	-0.000110790000000000	-0.000110790000000000	-0.000110790000000000	0.000837155000000000	284.574999999999988631
0.000843808000000000	0.000843808000000000	-0.000112149000000000	-0.000112149000000000	-0.000112149000000000	0.000843808000000000	284.586999999999989086
0.000848502000000000	0.000848502000000000	-0.000117090000000000	-0.000117090000000000	-0.000117090000000000	0.000848502000000000	284.600000000000022737
0.000857498000000000	0.000857498000000000	-0.000124628000000000	-0.000124628000000000	-0.000124628000000000	0.000857498000000000	284.612999999999999545
0.000867522000000000	0.000867522000000000	-0.000128633000000000	-0.000128633000000000	-0.000128633000000000	0.000867522000000000	284.625000000000000000
0.000873736000000000	0.000873736000000000	-0.000133064000000000	-0.000133064000000000	-0.000133064000000000	0.000873736000000000	284.637000000000000455
0.000882306000000000	0.000882306000000000	-0.000140656000000000	-0.000140656000000000	-0.000140656000000000	0.000882306000000000	284.649999999999977263
0.000892501000000000	0.000892501000000000	-0.000148365000000000	-0.000148365000000000	-0.000148365000000000	0.000892501000000000	284.663000000000010914
0.000901767000000000	0.000901767000000000	-0.000157148000000000	-0.000157148000000000	-0.000157148000000000	0.000901767000000000	284.675000000000011369
0.000917828000000000	0.000917828000000000	-0.000166431000000000	-0.000166431000000000	-0.000166431000000000	0.000917828000000000	284.687999999999988177
0.000932637000000000	0.000932637000000000	-0.000170848000000000	-0.000170848000000000	-0.000170848000000000	0.000932637000000000	284.699999999999988631
0.000944908000000000	0.000944908000000000	-0.000175139000000000	-0.000175139000000000	-0.000175139000000000	0.000944908000000000	284.711999999999989086
0.000958923000000000	0.000958923000000000	-0.000182292000000000	-0.000182292000000000	-0.000182292000000000	0.000958923000000000	284.725000000000022737
0.000977413000000000	0.000977413000000000	-0.000189862000000000	-0.000189862000000000	-0.000189862000000000	0.000977413000000000	284.737999999999999545
0.000997821000000000	0.000997821000000000	-0.000192857000000000	-0.000192857000000000	-0.000192857000000000	0.000997821000000000	284.750000000000000000
0.001016373000000000	0.001016373000000000	-0.000191883000000000	-0.000191883000000000	-0.000191883000000000	0.001016373000000000	284.762000000000000455
0.001034307000000000	0.001034307000000000	-0.000189896000000000	-0.000189896000000000	-0.000189896000000000	0.001034307000000000	284.774999999999977263
0.001051995000000000	0.001051995000000000	-0.000187374000000000	-0.000187374000000000	-0.000187374000000000	0.001051995000000000	284.788000000000010914
0.001067988000000000	0.001067988000000000	-0.000184307000000000	-0.000184307000000000	-0.000184307000000000	0.001067988000000000	284.800000000000011369
0.001086292000000000	0.001086292000000000	-0.000177394000000000	-0.000177394000000000	-0.000177394000000000	0.001086292000000000	284.812999999999988177
0.001097588000000000	0.001097588000000000	-0.000170317000000000	-0.000170317000000000	-0.000170317000000000	0.001097588000000000	284.824999999999988631
0.001109680000000000	0.001109680000000000	-0.000163164000000000	-0.000163164000000000	-0.000163164000000000	0.001109680000000000	284.836999999999989086
0.001117403000000000	0.001117403000000000	-0.000157060000000000	-0.000157060000000000	-0.000157060000000000	0.001117403000000000	284.850000000000022737
0.001127974000000000	0.001127974000000000	-0.000153973000000000	-0.000153973000000000	-0.000153973000000000	0.001127974000000000	284.862999999999999545
0.001139333000000000	0.001139333000000000	-0.000147546000000000	-0.000147546000000000	-0.000147546000000000	0.001139333000000000	284.875000000000000000
0.001144453000000000	0.001144453000000000	-0.000141910000000000	-0.000141910000000000	-0.000141910000000000	0.001144453000000000	284.887000000000000455
0.001151923000000000	0.001151923000000000	-0.000139410000000000	-0.000139410000000000	-0.000139410000000000	0.001151923000000000	284.899999999999977263
0.001161179000000000	0.001161179000000000	-0.000135364000000000	-0.000135364000000000	-0.000135364000000000	0.001161179000000000	284.913000000000010914
0.001166501000000000	0.001166501000000000	-0.000131468000000000	-0.000131468000000000	-0.000131468000000000	0.001166501000000000	284.925000000000011369
0.001172029000000000	0.001172029000000000	-0.000129479000000000	-0.000129479000000000	-0.000129479000000000	0.001172029000000000	284.937999999999988177
0.001177624000000000	0.001177624000000000	-0.000128304000000000	-0.000128304000000000	-0.000128304000000000	0.001177624000000000	284.949999999999988631
0.001182228000000000	0.001182228000000000	-0.000128045000000000	-0.000128045000000000	-0.000128045000000000	0.001182228000000000	284.961999999999989086
0.001187569000000000	0.001187569000000000	-0.000129627000000000	-0.000129627000000000	-0.000129627000000000	0.001187569000000000	284.975000000000022737
0.001193680000000000	0.001193680000000000	-0.000132655000000000	-0.000132655000000000	-0.000132655000000000	0.001193680000000000	284.987999999999999545
0.001200044000000000	0.001200044000000000	-0.000136861000000000	-0.000136861000000000	-0.000136861000000000	0.001200044000000000	285.000000000000000000
0.001208272000000000	0.001208272000000000	-0.000141653000000000	-0.000141653000000000	-0.000141653000000000	0.001208272000000000	285.012000000000000455
0.001217189000000000	0.001217189000000000	-0.000147326000000000	-0.000147326000000000	-0.000147326000000000	0.001217189000000000	285.024999999999977263
0.001226969000000000	0.001226969000000000	-0.000155852000000000	-0.000155852000000000	-0.000155852000000000	0.001226969000000000	285.038000000000010914
0.001240886000000000	0.001240886000000000	-0.000164763000000000	-0.000164763000000000	-0.000164763000000000	0.001240886000000000	285.050000000000011369
0.001257699000000000	0.001257699000000000	-0.000172869000000000	-0.000172869000000000	-0.000172869000000000	0.001257699000000000	285.062999999999988177
0.001274991000000000	0.001274991000000000	-0.000180113000000000	-0.000180113000000000	-0.000180113000000000	0.001274991000000000	285.074999999999988631
0.001293761000000000	0.001293761000000000	-0.000188970000000000	-0.000188970000000000	-0.000188970000000000	0.001293761000000000	285.086999999999989086
0.001323273000000000	0.001323273000000000	-0.000195554000000000	-0.000195554000000000	-0.000195554000000000	0.001323273000000000	285.100000000000022737
0.001350623000000000	0.001350623000000000	-0.000197148000000000	-0.000197148000000000	-0.000197148000000000	0.001350623000000000	285.112999999999999545
0.001379254000000000	0.001379254000000000	-0.000196235000000000	-0.000196235000000000	-0.000196235000000000	0.001379254000000000	285.125000000000000000
0.001405223000000000	0.001405223000000000	-0.000195523000000000	-0.000195523000000000	-0.000195523000000000	0.001405223000000000	285.137000000000000455
0.001445401000000000	0.001445401000000000	-0.000189354000000000	-0.000189354000000000	-0.000189354000000000	0.001445401000000000	285.149999999999977263
0.001477792000000000	0.001477792000000000	-0.000174181000000000	-0.000174181000000000	-0.000174181000000000	0.001477792000000000	285.163000000000010914
0.001507841000000000	0.001507841000000000	-0.000158228000000000	-0.000158228000000000	-0.000158228000000000	0.001507841000000000	285.175000000000011369
0.001536729000000000	0.001536729000000000	-0.000139077000000000	-0.000139077000000000	-0.000139077000000000	0.001536729000000000	285.187999999999988177
0.001565553000000000	0.001565553000000000	-0.000119299000000000	-0.000119299000000000	-0.000119299000000000	0.001565553000000000	285.199999999999988631
0.001592667000000000	0.001592667000000000	-0.000095100000000000	-0.000095100000000000	-0.000095100000000000	0.001592667000000000	285.211999999999989086
0.001620377000000000	0.001620377000000000	-0.000064300000000000	-0.000064300000000000	-0.000064300000000000	0.001620377000000000	285.225000000000022737
0.001643417000000000	0.001643417000000000	-0.000027800000000000	-0.000027800000000000	-0.000027800000000000	0.001643417000000000	285.237999999999999545
0.001656357000000000	0.001656357000000000	0.000005070000000000	0.000005070000000000	0.000005070000000000	0.001656357000000000	285.250000000000000000
0.001670367000000000	0.001670367000000000	0.000037200000000000	0.000037200000000000	0.000037200000000000	0.001670367000000000	285.262000000000000455
0.001681443000000000	0.001681443000000000	0.000073600000000000	0.000073600000000000	0.000073600000000000	0.001681443000000000	285.274999999999977263
0.001690625000000000	0.001690625000000000	0.000111174000000000	0.000111174000000000	0.000111174000000000	0.001690625000000000	285.288000000000010914
0.001695182000000000	0.001695182000000000	0.000147745000000000	0.000147745000000000	0.000147745000000000	0.001695182000000000	285.300000000000011369
0.001695430000000000	0.001695430000000000	0.000185932000000000	0.000185932000000000	0.000185932000000000	0.001695430000000000	285.312999999999988177
0.001692246000000000	0.001692246000000000	0.000220667000000000	0.000220667000000000	0.000220667000000000	0.001692246000000000	285.324999999999988631
0.001687330000000000	0.001687330000000000	0.000253367000000000	0.000253367000000000	0.000253367000000000	0.001687330000000000	285.336999999999989086
0.001681642000000000	0.001681642000000000	0.000290119000000000	0.000290119000000000	0.000290119000000000	0.001681642000000000	285.350000000000022737
0.001667071000000000	0.001667071000000000	0.000325845000000000	0.000325845000000000	0.000325845000000000	0.001667071000000000	285.362999999999999545
0.001655021000000000	0.001655021000000000	0.000353936000000000	0.000353936000000000	0.000353936000000000	0.001655021000000000	285.375000000000000000
0.001643924000000000	0.001643924000000000	0.000385355000000000	0.000385355000000000	0.000385355000000000	0.001643924000000000	285.387000000000000455
0.001619259000000000	0.001619259000000000	0.000416987000000000	0.000416987000000000	0.000416987000000000	0.001619259000000000	285.399999999999977263
0.001598849000000000	0.001598849000000000	0.000439717000000000	0.000439717000000000	0.000439717000000000	0.001598849000000000	285.413000000000010914
0.001583345000000000	0.001583345000000000	0.000463025000000000	0.000463025000000000	0.000463025000000000	0.001583345000000000	285.425000000000011369
0.001560921000000000	0.001560921000000000	0.000490478000000000	0.000490478000000000	0.000490478000000000	0.001560921000000000	285.437999999999988177
0.001537316000000000	0.001537316000000000	0.000515625000000000	0.000515625000000000	0.000515625000000000	0.001537316000000000	285.449999999999988631
0.001504748000000000	0.001504748000000000	0.000536859000000000	0.000536859000000000	0.000536859000000000	0.001504748000000000	285.461999999999989086
0.001468713000000000	0.001468713000000000	0.000549174000000000	0.000549174000000000	0.000549174000000000	0.001468713000000000	285.475000000000022737
0.001437515000000000	0.001437515000000000	0.000552403000000000	0.000552403000000000	0.000552403000000000	0.001437515000000000	285.487999999999999545
0.001419617000000000	0.001419617000000000	0.000557979000000000	0.000557979000000000	0.000557979000000000	0.001419617000000000	285.500000000000000000
0.001397604000000000	0.001397604000000000	0.000570667000000000	0.000570667000000000	0.000570667000000000	0.001397604000000000	285.512000000000000455
0.001363667000000000	0.001363667000000000	0.000579182000000000	0.000579182000000000	0.000579182000000000	0.001363667000000000	285.524999999999977263
0.001335699000000000	0.001335699000000000	0.000581270000000000	0.000581270000000000	0.000581270000000000	0.001335699000000000	285.538000000000010914
0.001309056000000000	0.001309056000000000	0.000582513000000000	0.000582513000000000	0.000582513000000000	0.001309056000000000	285.550000000000011369
0.001281870000000000	0.001281870000000000	0.000579216000000000	0.000579216000000000	0.000579216000000000	0.001281870000000000	285.562999999999988177
0.001264891000000000	0.001264891000000000	0.000583488000000000	0.000583488000000000	0.000583488000000000	0.001264891000000000	285.574999999999988631
0.001224942000000000	0.001224942000000000	0.000582332000000000	0.000582332000000000	0.000582332000000000	0.001224942000000000	285.586999999999989086
0.001202463000000000	0.001202463000000000	0.000569762000000000	0.000569762000000000	0.000569762000000000	0.001202463000000000	285.600000000000022737
0.001177479000000000	0.001177479000000000	0.000561861000000000	0.000561861000000000	0.000561861000000000	0.001177479000000000	285.612999999999999545
0.001155215000000000	0.001155215000000000	0.000551816000000000	0.000551816000000000	0.000551816000000000	0.001155215000000000	285.625000000000000000
0.001135514000000000	0.001135514000000000	0.000541886000000000	0.000541886000000000	0.000541886000000000	0.001135514000000000	285.637000000000000455
0.001111193000000000	0.001111193000000000	0.000528764000000000	0.000528764000000000	0.000528764000000000	0.001111193000000000	285.649999999999977263
0.001091467000000000	0.001091467000000000	0.000510812000000000	0.000510812000000000	0.000510812000000000	0.001091467000000000	285.663000000000010914
0.001078456000000000	0.001078456000000000	0.000494930000000000	0.000494930000000000	0.000494930000000000	0.001078456000000000	285.675000000000011369
0.001066086000000000	0.001066086000000000	0.000481699000000000	0.000481699000000000	0.000481699000000000	0.001066086000000000	285.687999999999988177
0.001050830000000000	0.001050830000000000	0.000469822000000000	0.000469822000000000	0.000469822000000000	0.001050830000000000	285.699999999999988631
0.001036193000000000	0.001036193000000000	0.000453432000000000	0.000453432000000000	0.000453432000000000	0.001036193000000000	285.711999999999989086
0.001026101000000000	0.001026101000000000	0.000435551000000000	0.000435551000000000	0.000435551000000000	0.001026101000000000	285.725000000000022737
0.001016541000000000	0.001016541000000000	0.000419294000000000	0.000419294000000000	0.000419294000000000	0.001016541000000000	285.737999999999999545
0.001009347000000000	0.001009347000000000	0.000405462000000000	0.000405462000000000	0.000405462000000000	0.001009347000000000	285.750000000000000000
0.001000705000000000	0.001000705000000000	0.000392008000000000	0.000392008000000000	0.000392008000000000	0.001000705000000000	285.762000000000000455
0.000992548000000000	0.000992548000000000	0.000376782000000000	0.000376782000000000	0.000376782000000000	0.000992548000000000	285.774999999999977263
0.000984229000000000	0.000984229000000000	0.000361256000000000	0.000361256000000000	0.000361256000000000	0.000984229000000000	285.788000000000010914
0.000977358000000000	0.000977358000000000	0.000344999000000000	0.000344999000000000	0.000344999000000000	0.000977358000000000	285.800000000000011369
0.000974072000000000	0.000974072000000000	0.000328863000000000	0.000328863000000000	0.000328863000000000	0.000974072000000000	285.812999999999988177
0.000969713000000000	0.000969713000000000	0.000315340000000000	0.000315340000000000	0.000315340000000000	0.000969713000000000	285.824999999999988631
0.000966310000000000	0.000966310000000000	0.000302048000000000	0.000302048000000000	0.000302048000000000	0.000966310000000000	285.836999999999989086
0.000961372000000000	0.000961372000000000	0.000286886000000000	0.000286886000000000	0.000286886000000000	0.000961372000000000	285.850000000000022737
0.000959377000000000	0.000959377000000000	0.000272478000000000	0.000272478000000000	0.000272478000000000	0.000959377000000000	285.862999999999999545
0.000954946000000000	0.000954946000000000	0.000258181000000000	0.000258181000000000	0.000258181000000000	0.000954946000000000	285.875000000000000000
0.000954776000000000	0.000954776000000000	0.000244276000000000	0.000244276000000000	0.000244276000000000	0.000954776000000000	285.887000000000000455
0.000953135000000000	0.000953135000000000	0.000230971000000000	0.000230971000000000	0.000230971000000000	0.000953135000000000	285.899999999999977263
0.000949266000000000	0.000949266000000000	0.000188302000000000	0.000188302000000000	0.000188302000000000	0.000949266000000000	285.939999999999997726
0.000949480000000000	0.000949480000000000	0.000147845000000000	0.000147845000000000	0.000147845000000000	0.000949480000000000	285.980000000000018190
0.000950163000000000	0.000950163000000000	0.000108178000000000	0.000108178000000000	0.000108178000000000	0.000950163000000000	286.019999999999981810
0.000953793000000000	0.000953793000000000	0.000067700000000000	0.000067700000000000	0.000067700000000000	0.000953793000000000	286.060000000000002274
0.000960379000000000	0.000960379000000000	0.000028300000000000	0.000028300000000000	0.000028300000000000	0.000960379000000000	286.100000000000022737
0.000968460000000000	0.000968460000000000	-0.000009400000000000	-0.000009400000000000	-0.000009400000000000	0.000968460000000000	286.139999999999986358
0.000975803000000000	0.000975803000000000	-0.000048100000000000	-0.000048100000000000	-0.000048100000000000	0.000975803000000000	286.180000000000006821
0.000987465000000000	0.000987465000000000	-0.000087700000000000	-0.000087700000000000	-0.000087700000000000	0.000987465000000000	286.220000000000027285
0.000999538000000000	0.000999538000000000	-0.000126750000000000	-0.000126750000000000	-0.000126750000000000	0.000999538000000000	286.259999999999990905
0.001014028000000000	0.001014028000000000	-0.000166874000000000	-0.000166874000000000	-0.000166874000000000	0.001014028000000000	286.300000000000011369
0.001031175000000000	0.001031175000000000	-0.000206448000000000	-0.000206448000000000	-0.000206448000000000	0.001031175000000000	286.339999999999974989
0.001048576000000000	0.001048576000000000	-0.000245441000000000	-0.000245441000000000	-0.000245441000000000	0.001048576000000000	286.379999999999995453
0.001065528000000000	0.001065528000000000	-0.000287322000000000	-0.000287322000000000	-0.000287322000000000	0.001065528000000000	286.420000000000015916
0.001087492000000000	0.001087492000000000	-0.000331844000000000	-0.000331844000000000	-0.000331844000000000	0.001087492000000000	286.459999999999979536
0.001112085000000000	0.001112085000000000	-0.000376290000000000	-0.000376290000000000	-0.000376290000000000	0.001112085000000000	286.500000000000000000
0.001138357000000000	0.001138357000000000	-0.000422491000000000	-0.000422491000000000	-0.000422491000000000	0.001138357000000000	286.540000000000020464
0.001168395000000000	0.001168395000000000	-0.000470820000000000	-0.000470820000000000	-0.000470820000000000	0.001168395000000000	286.579999999999984084
0.001200496000000000	0.001200496000000000	-0.000523388000000000	-0.000523388000000000	-0.000523388000000000	0.001200496000000000	286.620000000000004547
0.001242103000000000	0.001242103000000000	-0.000581163000000000	-0.000581163000000000	-0.000581163000000000	0.001242103000000000	286.660000000000025011
0.001295306000000000	0.001295306000000000	-0.000637299000000000	-0.000637299000000000	-0.000637299000000000	0.001295306000000000	286.699999999999988631
0.001352838000000000	0.001352838000000000	-0.000691957000000000	-0.000691957000000000	-0.000691957000000000	0.001352838000000000	286.740000000000009095
0.001421450000000000	0.001421450000000000	-0.000747753000000000	-0.000747753000000000	-0.000747753000000000	0.001421450000000000	286.779999999999972715
0.001502840000000000	0.001502840000000000	-0.000800365000000000	-0.000800365000000000	-0.000800365000000000	0.001502840000000000	286.819999999999993179
0.001598114000000000	0.001598114000000000	-0.000844656000000000	-0.000844656000000000	-0.000844656000000000	0.001598114000000000	286.860000000000013642
0.001702887000000000	0.001702887000000000	-0.000876393000000000	-0.000876393000000000	-0.000876393000000000	0.001702887000000000	286.899999999999977263
0.001813850000000000	0.001813850000000000	-0.000896494000000000	-0.000896494000000000	-0.000896494000000000	0.001813850000000000	286.939999999999997726
0.001934202000000000	0.001934202000000000	-0.000900672000000000	-0.000900672000000000	-0.000900672000000000	0.001934202000000000	286.980000000000018190
0.002052629000000000	0.002052629000000000	-0.000891142000000000	-0.000891142000000000	-0.000891142000000000	0.002052629000000000	287.019999999999981810
0.002183967000000000	0.002183967000000000	-0.000859523000000000	-0.000859523000000000	-0.000859523000000000	0.002183967000000000	287.060000000000002274
0.002298890000000000	0.002298890000000000	-0.000801921000000000	-0.000801921000000000	-0.000801921000000000	0.002298890000000000	287.100000000000022737
0.002401389000000000	0.002401389000000000	-0.000731869000000000	-0.000731869000000000	-0.000731869000000000	0.002401389000000000	287.139999999999986358
0.002492577000000000	0.002492577000000000	-0.000643769000000000	-0.000643769000000000	-0.000643769000000000	0.002492577000000000	287.180000000000006821
0.002553057000000000	0.002553057000000000	-0.000552829000000000	-0.000552829000000000	-0.000552829000000000	0.002553057000000000	287.220000000000027285
0.002607399000000000	0.002607399000000000	-0.000463196000000000	-0.000463196000000000	-0.000463196000000000	0.002607399000000000	287.259999999999990905
0.002644216000000000	0.002644216000000000	-0.000368488000000000	-0.000368488000000000	-0.000368488000000000	0.002644216000000000	287.300000000000011369
0.002660610000000000	0.002660610000000000	-0.000283519000000000	-0.000283519000000000	-0.000283519000000000	0.002660610000000000	287.339999999999974989
0.002672971000000000	0.002672971000000000	-0.000206676000000000	-0.000206676000000000	-0.000206676000000000	0.002672971000000000	287.379999999999995453
0.002675752000000000	0.002675752000000000	-0.000137348000000000	-0.000137348000000000	-0.000137348000000000	0.002675752000000000	287.420000000000015916
0.002674110000000000	0.002674110000000000	-0.000079600000000000	-0.000079600000000000	-0.000079600000000000	0.002674110000000000	287.459999999999979536
0.002678774000000000	0.002678774000000000	-0.000027800000000000	-0.000027800000000000	-0.000027800000000000	0.002678774000000000	287.500000000000000000
0.002679728000000000	0.002679728000000000	0.000021500000000000	0.000021500000000000	0.000021500000000000	0.002679728000000000	287.540000000000020464
0.002686689000000000	0.002686689000000000	0.000068800000000000	0.000068800000000000	0.000068800000000000	0.002686689000000000	287.579999999999984084
0.002690110000000000	0.002690110000000000	0.000119494000000000	0.000119494000000000	0.000119494000000000	0.002690110000000000	287.620000000000004547
0.002690224000000000	0.002690224000000000	0.000169168000000000	0.000169168000000000	0.000169168000000000	0.002690224000000000	287.660000000000025011
0.002684557000000000	0.002684557000000000	0.000215340000000000	0.000215340000000000	0.000215340000000000	0.002684557000000000	287.699999999999988631
0.002682966000000000	0.002682966000000000	0.000259198000000000	0.000259198000000000	0.000259198000000000	0.002682966000000000	287.740000000000009095
0.002676137000000000	0.002676137000000000	0.000303729000000000	0.000303729000000000	0.000303729000000000	0.002676137000000000	287.779999999999972715
0.002669357000000000	0.002669357000000000	0.000343849000000000	0.000343849000000000	0.000343849000000000	0.002669357000000000	287.819999999999993179
0.002664805000000000	0.002664805000000000	0.000384352000000000	0.000384352000000000	0.000384352000000000	0.002664805000000000	287.860000000000013642
0.002659438000000000	0.002659438000000000	0.000428658000000000	0.000428658000000000	0.000428658000000000	0.002659438000000000	287.899999999999977263
0.002646850000000000	0.002646850000000000	0.000476315000000000	0.000476315000000000	0.000476315000000000	0.002646850000000000	287.939999999999997726
0.002625717000000000	0.002625717000000000	0.000520592000000000	0.000520592000000000	0.000520592000000000	0.002625717000000000	287.980000000000018190
0.002601718000000000	0.002601718000000000	0.000559140000000000	0.000559140000000000	0.000559140000000000	0.002601718000000000	288.019999999999981810
0.002574980000000000	0.002574980000000000	0.000593042000000000	0.000593042000000000	0.000593042000000000	0.002574980000000000	288.060000000000002274
0.002548133000000000	0.002548133000000000	0.000624947000000000	0.000624947000000000	0.000624947000000000	0.002548133000000000	288.100000000000022737
0.002512731000000000	0.002512731000000000	0.000650194000000000	0.000650194000000000	0.000650194000000000	0.002512731000000000	288.139999999999986358
0.002483329000000000	0.002483329000000000	0.000668050000000000	0.000668050000000000	0.000668050000000000	0.002483329000000000	288.180000000000006821
0.002452346000000000	0.002452346000000000	0.000684106000000000	0.000684106000000000	0.000684106000000000	0.002452346000000000	288.220000000000027285
0.002419648000000000	0.002419648000000000	0.000691975000000000	0.000691975000000000	0.000691975000000000	0.002419648000000000	288.259999999999990905
0.002395037000000000	0.002395037000000000	0.000694410000000000	0.000694410000000000	0.000694410000000000	0.002395037000000000	288.300000000000011369
0.002374172000000000	0.002374172000000000	0.000697851000000000	0.000697851000000000	0.000697851000000000	0.002374172000000000	288.339999999999974989
0.002352117000000000	0.002352117000000000	0.000698137000000000	0.000698137000000000	0.000698137000000000	0.002352117000000000	288.379999999999995453
0.002337366000000000	0.002337366000000000	0.000697176000000000	0.000697176000000000	0.000697176000000000	0.002337366000000000	288.420000000000015916
0.002322929000000000	0.002322929000000000	0.000698697000000000	0.000698697000000000	0.000698697000000000	0.002322929000000000	288.459999999999979536
0.002306653000000000	0.002306653000000000	0.000696936000000000	0.000696936000000000	0.000696936000000000	0.002306653000000000	288.500000000000000000
0.002296950000000000	0.002296950000000000	0.000692929000000000	0.000692929000000000	0.000692929000000000	0.002296950000000000	288.540000000000020464
0.002291593000000000	0.002291593000000000	0.000694841000000000	0.000694841000000000	0.000694841000000000	0.002291593000000000	288.579999999999984084
0.002276264000000000	0.002276264000000000	0.000695486000000000	0.000695486000000000	0.000695486000000000	0.002276264000000000	288.620000000000004547
0.002269758000000000	0.002269758000000000	0.000692376000000000	0.000692376000000000	0.000692376000000000	0.002269758000000000	288.660000000000025011
0.002262326000000000	0.002262326000000000	0.000691270000000000	0.000691270000000000	0.000691270000000000	0.002262326000000000	288.699999999999988631
0.002256609000000000	0.002256609000000000	0.000690612000000000	0.000690612000000000	0.000690612000000000	0.002256609000000000	288.740000000000009095
0.002249354000000000	0.002249354000000000	0.000689624000000000	0.000689624000000000	0.000689624000000000	0.002249354000000000	288.779999999999972715
0.002244325000000000	0.002244325000000000	0.000686590000000000	0.000686590000000000	0.000686590000000000	0.002244325000000000	288.819999999999993179
0.002242993000000000	0.002242993000000000	0.000687044000000000	0.000687044000000000	0.000687044000000000	0.002242993000000000	288.860000000000013642
0.002235216000000000	0.002235216000000000	0.000689797000000000	0.000689797000000000	0.000689797000000000	0.002235216000000000	288.899999999999977263
0.002226972000000000	0.002226972000000000	0.000684671000000000	0.000684671000000000	0.000684671000000000	0.002226972000000000	288.939999999999997726
0.002226261000000000	0.002226261000000000	0.000680607000000000	0.000680607000000000	0.000680607000000000	0.002226261000000000	288.980000000000018190
0.002227225000000000	0.002227225000000000	0.000680889000000000	0.000680889000000000	0.000680889000000000	0.002227225000000000	289.019999999999981810
0.002221045000000000	0.002221045000000000	0.000682590000000000	0.000682590000000000	0.000682590000000000	0.002221045000000000	289.060000000000002274
0.002216549000000000	0.002216549000000000	0.000678364000000000	0.000678364000000000	0.000678364000000000	0.002216549000000000	289.100000000000022737
0.002217023000000000	0.002217023000000000	0.000676114000000000	0.000676114000000000	0.000676114000000000	0.002217023000000000	289.139999999999986358
0.002215805000000000	0.002215805000000000	0.000676525000000000	0.000676525000000000	0.000676525000000000	0.002215805000000000	289.180000000000006821
0.002211135000000000	0.002211135000000000	0.000675493000000000	0.000675493000000000	0.000675493000000000	0.002211135000000000	289.220000000000027285
0.002209552000000000	0.002209552000000000	0.000673252000000000	0.000673252000000000	0.000673252000000000	0.002209552000000000	289.259999999999990905
0.002206208000000000	0.002206208000000000	0.000671423000000000	0.000671423000000000	0.000671423000000000	0.002206208000000000	289.300000000000011369
0.002202926000000000	0.002202926000000000	0.000666481000000000	0.000666481000000000	0.000666481000000000	0.002202926000000000	289.339999999999974989
0.002203910000000000	0.002203910000000000	0.000662280000000000	0.000662280000000000	0.000662280000000000	0.002203910000000000	289.379999999999995453
0.002203463000000000	0.002203463000000000	0.000659458000000000	0.000659458000000000	0.000659458000000000	0.002203463000000000	289.420000000000015916
0.002202289000000000	0.002202289000000000	0.000655480000000000	0.000655480000000000	0.000655480000000000	0.002202289000000000	289.459999999999979536
0.002203903000000000	0.002203903000000000	0.000651393000000000	0.000651393000000000	0.000651393000000000	0.002203903000000000	289.500000000000000000
0.002203655000000000	0.002203655000000000	0.000638802000000000	0.000638802000000000	0.000638802000000000	0.002203655000000000	289.625000000000000000
0.002209053000000000	0.002209053000000000	0.000619530000000000	0.000619530000000000	0.000619530000000000	0.002209053000000000	289.750000000000000000
0.002220067000000000	0.002220067000000000	0.000594440000000000	0.000594440000000000	0.000594440000000000	0.002220067000000000	289.875000000000000000
0.002251513000000000	0.002251513000000000	0.000570985000000000	0.000570985000000000	0.000570985000000000	0.002251513000000000	290.000000000000000000
0.002281885000000000	0.002281885000000000	0.000558491000000000	0.000558491000000000	0.000558491000000000	0.002281885000000000	290.125000000000000000
0.002314460000000000	0.002314460000000000	0.000545071000000000	0.000545071000000000	0.000545071000000000	0.002314460000000000	290.250000000000000000
0.002357191000000000	0.002357191000000000	0.000533905000000000	0.000533905000000000	0.000533905000000000	0.002357191000000000	290.375000000000000000
0.002405974000000000	0.002405974000000000	0.000533185000000000	0.000533185000000000	0.000533185000000000	0.002405974000000000	290.500000000000000000
0.002451831000000000	0.002451831000000000	0.000540835000000000	0.000540835000000000	0.000540835000000000	0.002451831000000000	290.625000000000000000
0.002496536000000000	0.002496536000000000	0.000552281000000000	0.000552281000000000	0.000552281000000000	0.002496536000000000	290.750000000000000000
0.002540280000000000	0.002540280000000000	0.000566192000000000	0.000566192000000000	0.000566192000000000	0.002540280000000000	290.875000000000000000
0.002586010000000000	0.002586010000000000	0.000582335000000000	0.000582335000000000	0.000582335000000000	0.002586010000000000	291.000000000000000000
0.002635395000000000	0.002635395000000000	0.000604596000000000	0.000604596000000000	0.000604596000000000	0.002635395000000000	291.125000000000000000
0.002684022000000000	0.002684022000000000	0.000638448000000000	0.000638448000000000	0.000638448000000000	0.002684022000000000	291.250000000000000000
0.002720439000000000	0.002720439000000000	0.000676865000000000	0.000676865000000000	0.000676865000000000	0.002720439000000000	291.375000000000000000
0.002752753000000000	0.002752753000000000	0.000711735000000000	0.000711735000000000	0.000711735000000000	0.002752753000000000	291.500000000000000000
0.002787269000000000	0.002787269000000000	0.000746747000000000	0.000746747000000000	0.000746747000000000	0.002787269000000000	291.625000000000000000
0.002820770000000000	0.002820770000000000	0.000785928000000000	0.000785928000000000	0.000785928000000000	0.002820770000000000	291.750000000000000000
0.002850654000000000	0.002850654000000000	0.000826266000000000	0.000826266000000000	0.000826266000000000	0.002850654000000000	291.875000000000000000
0.002883040000000000	0.002883040000000000	0.000870290000000000	0.000870290000000000	0.000870290000000000	0.002883040000000000	292.000000000000000000
0.002909928000000000	0.002909928000000000	0.000921451000000000	0.000921451000000000	0.000921451000000000	0.002909928000000000	292.125000000000000000
0.002927635000000000	0.002927635000000000	0.000972243000000000	0.000972243000000000	0.000972243000000000	0.002927635000000000	292.250000000000000000
0.002943366000000000	0.002943366000000000	0.001019333000000000	0.001019333000000000	0.001019333000000000	0.002943366000000000	292.375000000000000000
0.002961436000000000	0.002961436000000000	0.001068401000000000	0.001068401000000000	0.001068401000000000	0.002961436000000000	292.500000000000000000
0.002974754000000000	0.002974754000000000	0.001121873000000000	0.001121873000000000	0.001121873000000000	0.002974754000000000	292.625000000000000000
0.002982534000000000	0.002982534000000000	0.001176319000000000	0.001176319000000000	0.001176319000000000	0.002982534000000000	292.750000000000000000
0.002985377000000000	0.002985377000000000	0.001229294000000000	0.001229294000000000	0.001229294000000000	0.002985377000000000	292.875000000000000000
0.002986263000000000	0.002986263000000000	0.001282338000000000	0.001282338000000000	0.001282338000000000	0.002986263000000000	293.000000000000000000
0.002982384000000000	0.002982384000000000	0.001335214000000000	0.001335214000000000	0.001335214000000000	0.002982384000000000	293.125000000000000000
0.002960192000000000	0.002960192000000000	0.001422843000000000	0.001422843000000000	0.001422843000000000	0.002960192000000000	293.350000000000022737
0.002931060000000000	0.002931060000000000	0.001548216000000000	0.001548216000000000	0.001548216000000000	0.002931060000000000	293.699999999999988631
0.002864040000000000	0.002864040000000000	0.001680065000000000	0.001680065000000000	0.001680065000000000	0.002864040000000000	294.050000000000011369
0.002746090000000000	0.002746090000000000	0.001763704000000000	0.001763704000000000	0.001763704000000000	0.002746090000000000	294.399999999999977263
0.002653472000000000	0.002653472000000000	0.001784333000000000	0.001784333000000000	0.001784333000000000	0.002653472000000000	294.750000000000000000
0.002596809000000000	0.002596809000000000	0.001787176000000000	0.001787176000000000	0.001787176000000000	0.002596809000000000	295.100000000000022737
0.002565497000000000	0.002565497000000000	0.001792265000000000	0.001792265000000000	0.001792265000000000	0.002565497000000000	295.449999999999988631
0.002548664000000000	0.002548664000000000	0.001808383000000000	0.001808383000000000	0.001808383000000000	0.002548664000000000	295.800000000000011369
0.002534219000000000	0.002534219000000000	0.001837005000000000	0.001837005000000000	0.001837005000000000	0.002534219000000000	296.149999999999977263
0.002508087000000000	0.002508087000000000	0.001870351000000000	0.001870351000000000	0.001870351000000000	0.002508087000000000	296.500000000000000000
0.002479937000000000	0.002479937000000000	0.001899904000000000	0.001899904000000000	0.001899904000000000	0.002479937000000000	296.850000000000022737
0.002442860000000000	0.002442860000000000	0.001923004000000000	0.001923004000000000	0.001923004000000000	0.002442860000000000	297.199999999999988631
0.002408367000000000	0.002408367000000000	0.001928856000000000	0.001928856000000000	0.001928856000000000	0.002408367000000000	297.550000000000011369
0.002392102000000000	0.002392102000000000	0.001930751000000000	0.001930751000000000	0.001930751000000000	0.002392102000000000	297.899999999999977263
0.002384594000000000	0.002384594000000000	0.001942216000000000	0.001942216000000000	0.001942216000000000	0.002384594000000000	298.250000000000000000
0.002371299000000000	0.002371299000000000	0.001956383000000000	0.001956383000000000	0.001956383000000000	0.002371299000000000	298.600000000000022737
0.002363742000000000	0.002363742000000000	0.001969955000000000	0.001969955000000000	0.001969955000000000	0.002363742000000000	298.949999999999988631
0.002357492000000000	0.002357492000000000	0.001988304000000000	0.001988304000000000	0.001988304000000000	0.002357492000000000	299.300000000000011369
0.002345933000000000	0.002345933000000000	0.002008572000000000	0.002008572000000000	0.002008572000000000	0.002345933000000000	299.649999999999977263
0.002335677000000000	0.002335677000000000	0.002025746000000000	0.002025746000000000	0.002025746000000000	0.002335677000000000	300.000000000000000000
0.002327409000000000	0.002327409000000000	0.002044064000000000	0.002044064000000000	0.002044064000000000	0.002327409000000000	300.350000000000022737
0.002318493000000000	0.002318493000000000	0.002062989000000000	0.002062989000000000	0.002062989000000000	0.002318493000000000	300.699999999999988631
0.002311568000000000	0.002311568000000000	0.002082453000000000	0.002082453000000000	0.002082453000000000	0.002311568000000000	301.050000000000011369
0.002306257000000000	0.002306257000000000	0.002105927000000000	0.002105927000000000	0.002105927000000000	0.002306257000000000	301.399999999999977263
0.002295963000000000	0.002295963000000000	0.002133307000000000	0.002133307000000000	0.002133307000000000	0.002295963000000000	301.750000000000000000
0.002283734000000000	0.002283734000000000	0.002160197000000000	0.002160197000000000	0.002160197000000000	0.002283734000000000	302.100000000000022737
0.002268122000000000	0.002268122000000000	0.002186607000000000	0.002186607000000000	0.002186607000000000	0.002268122000000000	302.449999999999988631
0.002252839000000000	0.002252839000000000	0.002213229000000000	0.002213229000000000	0.002213229000000000	0.002252839000000000	302.800000000000011369
0.002233034000000000	0.002233034000000000	0.002240470000000000	0.002240470000000000	0.002240470000000000	0.002233034000000000	303.149999999999977263
0.002211808000000000	0.002211808000000000	0.002266422000000000	0.002266422000000000	0.002266422000000000	0.002211808000000000	303.500000000000000000
0.002187555000000000	0.002187555000000000	0.002292180000000000	0.002292180000000000	0.002292180000000000	0.002187555000000000	303.850000000000022737
0.002159394000000000	0.002159394000000000	0.002315964000000000	0.002315964000000000	0.002315964000000000	0.002159394000000000	304.199999999999988631
0.002128639000000000	0.002128639000000000	0.002335136000000000	0.002335136000000000	0.002335136000000000	0.002128639000000000	304.550000000000011369
0.002100131000000000	0.002100131000000000	0.002353153000000000	0.002353153000000000	0.002353153000000000	0.002100131000000000	304.899999999999977263
0.002065231000000000	0.002065231000000000	0.002368252000000000	0.002368252000000000	0.002368252000000000	0.002065231000000000	305.250000000000000000
0.002033658000000000	0.002033658000000000	0.002379122000000000	0.002379122000000000	0.002379122000000000	0.002033658000000000	305.600000000000022737
0.001998674000000000	0.001998674000000000	0.002386523000000000	0.002386523000000000	0.002386523000000000	0.001998674000000000	305.949999999999988631
0.001967961000000000	0.001967961000000000	0.002390039000000000	0.002390039000000000	0.002390039000000000	0.001967961000000000	306.300000000000011369
0.001936896000000000	0.001936896000000000	0.002391933000000000	0.002391933000000000	0.002391933000000000	0.001936896000000000	306.649999999999977263
0.001907694000000000	0.001907694000000000	0.002390892000000000	0.002390892000000000	0.002390892000000000	0.001907694000000000	307.000000000000000000
0.001880231000000000	0.001880231000000000	0.002387954000000000	0.002387954000000000	0.002387954000000000	0.001880231000000000	307.350000000000022737
0.001854362000000000	0.001854362000000000	0.002382346000000000	0.002382346000000000	0.002382346000000000	0.001854362000000000	307.699999999999988631
0.001833050000000000	0.001833050000000000	0.002375740000000000	0.002375740000000000	0.002375740000000000	0.001833050000000000	308.050000000000011369
0.001814214000000000	0.001814214000000000	0.002371408000000000	0.002371408000000000	0.002371408000000000	0.001814214000000000	308.399999999999977263
0.001793228000000000	0.001793228000000000	0.002366440000000000	0.002366440000000000	0.002366440000000000	0.001793228000000000	308.750000000000000000
0.001775985000000000	0.001775985000000000	0.002360489000000000	0.002360489000000000	0.002360489000000000	0.001775985000000000	309.100000000000022737
0.001759074000000000	0.001759074000000000	0.002356564000000000	0.002356564000000000	0.002356564000000000	0.001759074000000000	309.449999999999988631
0.001739578000000000	0.001739578000000000	0.002351228000000000	0.002351228000000000	0.002351228000000000	0.001739578000000000	309.800000000000011369
0.001722505000000000	0.001722505000000000	0.002342451000000000	0.002342451000000000	0.002342451000000000	0.001722505000000000	310.149999999999977263
0.001709530000000000	0.001709530000000000	0.002333861000000000	0.002333861000000000	0.002333861000000000	0.001709530000000000	310.500000000000000000
0.001698419000000000	0.001698419000000000	0.002328283000000000	0.002328283000000000	0.002328283000000000	0.001698419000000000	310.850000000000022737
0.001684197000000000	0.001684197000000000	0.002322880000000000	0.002322880000000000	0.002322880000000000	0.001684197000000000	311.199999999999988631
0.001672242000000000	0.001672242000000000	0.002315625000000000	0.002315625000000000	0.002315625000000000	0.001672242000000000	311.550000000000011369
0.001661904000000000	0.001661904000000000	0.002309532000000000	0.002309532000000000	0.002309532000000000	0.001661904000000000	311.899999999999977263
0.001650781000000000	0.001650781000000000	0.002303823000000000	0.002303823000000000	0.002303823000000000	0.001650781000000000	312.250000000000000000
0.001640443000000000	0.001640443000000000	0.002296785000000000	0.002296785000000000	0.002296785000000000	0.001640443000000000	312.600000000000022737
0.001632916000000000	0.001632916000000000	0.002291114000000000	0.002291114000000000	0.002291114000000000	0.001632916000000000	312.949999999999988631
0.001623671000000000	0.001623671000000000	0.002286476000000000	0.002286476000000000	0.002286476000000000	0.001623671000000000	313.300000000000011369
0.001615460000000000	0.001615460000000000	0.002281729000000000	0.002281729000000000	0.002281729000000000	0.001615460000000000	313.649999999999977263
0.001606286000000000	0.001606286000000000	0.002277210000000000	0.002277210000000000	0.002277210000000000	0.001606286000000000	314.000000000000000000
0.001597197000000000	0.001597197000000000	0.002270757000000000	0.002270757000000000	0.002270757000000000	0.001597197000000000	314.350000000000022737
0.001591279000000000	0.001591279000000000	0.002264245000000000	0.002264245000000000	0.002264245000000000	0.001591279000000000	314.699999999999988631
0.001586868000000000	0.001586868000000000	0.002260397000000000	0.002260397000000000	0.002260397000000000	0.001586868000000000	315.050000000000011369
0.001580012000000000	0.001580012000000000	0.002258484000000000	0.002258484000000000	0.002258484000000000	0.001580012000000000	315.399999999999977263
0.001571570000000000	0.001571570000000000	0.002255140000000000	0.002255140000000000	0.002255140000000000	0.001571570000000000	315.750000000000000000
0.001563705000000000	0.001563705000000000	0.002248366000000000	0.002248366000000000	0.002248366000000000	0.001563705000000000	316.100000000000022737
0.001561438000000000	0.001561438000000000	0.002244042000000000	0.002244042000000000	0.002244042000000000	0.001561438000000000	316.449999999999988631
0.001556197000000000	0.001556197000000000	0.002242705000000000	0.002242705000000000	0.002242705000000000	0.001556197000000000	316.800000000000011369
0.001549675000000000	0.001549675000000000	0.002240155000000000	0.002240155000000000	0.002240155000000000	0.001549675000000000	317.149999999999977263
0.001544515000000000	0.001544515000000000	0.002237550000000000	0.002237550000000000	0.002237550000000000	0.001544515000000000	317.500000000000000000
0.001538588000000000	0.001538588000000000	0.002235845000000000	0.002235845000000000	0.002235845000000000	0.001538588000000000	317.850000000000022737
0.001531634000000000	0.001531634000000000	0.002233005000000000	0.002233005000000000	0.002233005000000000	0.001531634000000000	318.199999999999988631
0.001526680000000000	0.001526680000000000	0.002230258000000000	0.002230258000000000	0.002230258000000000	0.001526680000000000	318.550000000000011369
0.001520969000000000	0.001520969000000000	0.002229077000000000	0.002229077000000000	0.002229077000000000	0.001520969000000000	318.899999999999977263
0.001512520000000000	0.001512520000000000	0.002225062000000000	0.002225062000000000	0.002225062000000000	0.001512520000000000	319.250000000000000000
0.001509224000000000	0.001509224000000000	0.002221731000000000	0.002221731000000000	0.002221731000000000	0.001509224000000000	319.600000000000022737
0.001502158000000000	0.001502158000000000	0.002219888000000000	0.002219888000000000	0.002219888000000000	0.001502158000000000	320.000000000000000000
0.001480414000000000	0.001480414000000000	0.002205968000000000	0.002205968000000000	0.002205968000000000	0.001480414000000000	321.500000000000000000
0.001465811000000000	0.001465811000000000	0.002197493000000000	0.002197493000000000	0.002197493000000000	0.001465811000000000	323.000000000000000000
0.001449232000000000	0.001449232000000000	0.002195217000000000	0.002195217000000000	0.002195217000000000	0.001449232000000000	324.500000000000000000
0.001426465000000000	0.001426465000000000	0.002193161000000000	0.002193161000000000	0.002193161000000000	0.001426465000000000	326.000000000000000000
0.001405671000000000	0.001405671000000000	0.002188210000000000	0.002188210000000000	0.002188210000000000	0.001405671000000000	327.500000000000000000
0.001385384000000000	0.001385384000000000	0.002184662000000000	0.002184662000000000	0.002184662000000000	0.001385384000000000	329.000000000000000000
0.001362657000000000	0.001362657000000000	0.002180308000000000	0.002180308000000000	0.002180308000000000	0.001362657000000000	330.500000000000000000
0.001342336000000000	0.001342336000000000	0.002175493000000000	0.002175493000000000	0.002175493000000000	0.001342336000000000	332.000000000000000000
0.001320086000000000	0.001320086000000000	0.002171698000000000	0.002171698000000000	0.002171698000000000	0.001320086000000000	333.500000000000000000
0.001296375000000000	0.001296375000000000	0.002166093000000000	0.002166093000000000	0.002166093000000000	0.001296375000000000	335.000000000000000000
0.001273350000000000	0.001273350000000000	0.002158440000000000	0.002158440000000000	0.002158440000000000	0.001273350000000000	336.500000000000000000
0.001251313000000000	0.001251313000000000	0.002149911000000000	0.002149911000000000	0.002149911000000000	0.001251313000000000	338.000000000000000000
0.001229636000000000	0.001229636000000000	0.002140215000000000	0.002140215000000000	0.002140215000000000	0.001229636000000000	339.500000000000000000
0.001210103000000000	0.001210103000000000	0.002130577000000000	0.002130577000000000	0.002130577000000000	0.001210103000000000	341.000000000000000000
0.001189673000000000	0.001189673000000000	0.002121449000000000	0.002121449000000000	0.002121449000000000	0.001189673000000000	342.500000000000000000
0.001168631000000000	0.001168631000000000	0.002110762000000000	0.002110762000000000	0.002110762000000000	0.001168631000000000	344.000000000000000000
0.001148540000000000	0.001148540000000000	0.002097695000000000	0.002097695000000000	0.002097695000000000	0.001148540000000000	345.500000000000000000
0.001131265000000000	0.001131265000000000	0.002083439000000000	0.002083439000000000	0.002083439000000000	0.001131265000000000	347.000000000000000000
0.001116553000000000	0.001116553000000000	0.002069084000000000	0.002069084000000000	0.002069084000000000	0.001116553000000000	348.500000000000000000
0.001105299000000000	0.001105299000000000	0.002057955000000000	0.002057955000000000	0.002057955000000000	0.001105299000000000	350.000000000000000000
