beta_para beta_perp delta_para delta_perp delta beta energy
0.00044519119848907213 0.00044519952114768275 0.0010810770744594843 0.001268290106654343 0.0012054212577570598 0.0004451957893208958 269.9
0.0004419725048836606 0.00044195589650813445 0.001065510954916171 0.0012562670813757958 0.0011922081103119691 0.0004419633435972887 270.2
0.00043877658064781855 0.0004387352588998181 0.0010483632304697564 0.0012427930026172001 0.0011775018391058613 0.00043875077978785154 270.5
0.0004356013837478864 0.00043553554364538476 0.0010303719588816108 0.0012286236958467592 0.0011620488811617065 0.0004355579896140405 270.8
0.0004324448898833702 0.0004323547039978022 0.0010116926849386494 0.0012139263064519026 0.0011460140812084318 0.0004323865194139409 271.1
0.00042931081038932847 0.0004291964929016712 0.0009923810289826332 0.001198767680676636 0.0011294612667515423 0.00042923625127265985 271.4
0.00042619521632459727 0.00042605693769602355 0.0009724597118386406 0.0011831822723541313 0.0011124207999666975 0.00042610542135047526 271.7
0.0004231018035348705 0.00042293977566134114 0.000951938255090656 0.0011671921725381939 0.0010949091566462258 0.00042299392407646686 272.0
0.0004200266612900272 0.000419841052549331 0.0009308305552068656 0.0011508249947529408 0.0010769487118841524 0.00041990329393182046 272.3
0.0004169337953201257 0.0004167243722542404 0.0009091554426790927 0.0011341145677536935 0.0010585707816073806 0.00041679579244142343 272.6
0.00041367253509604865 0.0004134373816779451 0.0008867923511653471 0.001116955136576904 0.0010396646696081502 0.00041351812602303997 272.9
0.0004104339911463888 0.00041017332587309506 0.0008636448175719234 0.0010992668523643518 0.0010201436304499171 0.00041026198642823075 273.2
0.00040721616073368863 0.0004069301798895485 0.0008397388458344387 0.0010810954219875799 0.001000046389331136 0.00040702725572066173 273.5
0.00040401893108677823 0.0004037078298502088 0.0008150523358616536 0.0010624398471039288 0.0009793662969351607 0.00040381381668708134 273.8
0.00040084405877456424 0.00040050805209446074 0.000789554686776914 0.0010432927175939145 0.0009580856861611146 0.0004006199348880436 274.1
0.00039768769101363165 0.00039732695096192296 0.0007632063819132954 0.0010236400785665408 0.0009361842913354062 0.0003974503483738255 274.4
0.00039455531082748104 0.0003941700708628619 0.0007359636733327815 0.0010034664995875262 0.0009136377238929057 0.00039430008823750296 274.7
0.00039144121451079966 0.00039103164454180075 0.0007077770114421686 0.0009827538731004013 0.0008904152410834791 0.0003911706580519085 275.0
0.0003883490096929395 0.00038791532006835817 0.0006785891781698924 0.0009614799763168597 0.0008664845916058809 0.0003880619441437477 275.3
0.0003852767272479296 0.0003848191064734585 0.000648338713220194 0.0009396224578728328 0.0008418081659243438 0.0003849722331526616 275.6
0.00038222425920688243 0.0003817428947301568 0.0006169558269259783 0.0009171553055040698 0.0008163459808467578 0.0003819046170258189 275.9
0.0003791914982565367 0.00037868657647365466 0.0005843640874993935 0.0008940512177908658 0.000790056394793298 0.00037885738028493995 276.2
0.0003761801740869226 0.00037565190085774697 0.0005504837741165737 0.0008702856081116124 0.0007628938091821587 0.0003758288220217726 276.5
0.0003731865039995239 0.0003726350430831964 0.0005152497630373546 0.0008458534302867364 0.0007348339693488924 0.00037282201538315073 276.8
0.00037010434686879785 0.00036953976973019956 0.00047853161549395455 0.0008206970575500474 0.0007057960191909203 0.0003697307726983607 277.1
0.0003669197019228336 0.00036635738636048705 0.00044009721663496097 0.0007946795380418604 0.000675609445883648 0.0003665477642697634 277.4
0.00036376069081181414 0.00036319524815590893 0.0003997790702293323 0.0007677283696135168 0.0006441697865478695 0.0003633855212043743 277.7
0.00036061808695790214 0.00036005692009349373 0.0003574495949127504 0.0007398235061687642 0.0006114206164570184 0.0003602455042301728 278.0
0.00035750086969683643 0.00035693677154604783 0.00031292746065695687 0.0007109099044019205 0.0005772648618184444 0.00035712602223962603 278.3
0.0003544016618694116 0.00035383836490241236 0.00026599990930196743 0.0006809178888909607 0.0005415855211099959 0.000354028530575385 278.6
0.00035132217383064253 0.00035076158157809015 0.00021641268575707813 0.0006497683226817406 0.0005042454982479311 0.000350951346313619 278.9
0.00034826590199886156 0.00034770448258495263 0.00016387524063182104 0.000617363357302991 0.0004650798510423592 0.00034789280068445183 279.2
0.00034523092108399616 0.00034466514527662745 0.00010805498257231369 0.0005835701219392057 0.0004238892138022166 0.00034485590704909564 279.5
0.000342209942107269 0.00034165254313315565 4.858465702412576e-05 0.0005481717230464086 0.0003804075841710841 0.0003418405472879822 279.8
0.00033921542218946744 0.0003386538592993707 -1.4501487919491738e-05 0.0005099901338967398 0.00033386335923707043 0.0003388435052532682 280.1
0.0003334652086815301 0.0003412536445803351 -8.407486791838122e-05 0.0004738710617778272 0.0002865101633595816 0.00033863831095128544 280.4
0.0003313558640673713 0.00033396277284338443 -0.0001608605246309138 0.00043692969052334046 0.00023618838888642666 0.00033308757544411497 280.7
0.0003311750105866164 0.0003290808171477761 -0.00024131220185985125 0.0003932870028004336 0.00018018472860870558 0.0003297842820960129 281.0
0.0003247453813375054 0.00032801329458982356 -0.0003315134638987999 0.00034897466382620076 0.00012046271935523193 0.000326916764626804 281.3
0.0003256082662339508 0.0003222162521228893 -0.00043498434432015195 0.0003024061948587911 5.4785900476710604e-05 0.0003233555735732283 281.6
0.0003367876464845426 0.00031795621421906067 -0.0005385508012490452 0.00024895667655815346 -1.5493025354449936e-05 0.00032428148361547703 281.9
0.0003234124476007429 0.0003228868501269368 -0.0006571577670087591 0.0001971449247500124 -8.973440212821066e-05 0.0003230642450130021 282.2
0.0003248404484875458 0.00031651631804687256 -0.0008027319316026468 0.0001451465493647113 -0.00017315627104829573 0.000319312339917305 282.5
0.0003290106935518309 0.000310550162767683 -0.0009661339434045244 8.451021883952704e-05 -0.0002683016655406952 0.000316750523408205 282.8
0.00032677357689482795 0.00030889895821578775 -0.0010933700981599233 4.2524594463705774e-05 -0.000338914689614026 0.00031490206703265925 283.0
0.00032675813612900793 0.0003086494420098431 -0.0011019855989128973 4.030532323687574e-05 -0.00034328183126774964 0.00031473118641212034 283.012
0.0003267894622446993 0.00030833221519114103 -0.0011116246722679827 3.8033591756008276e-05 -0.0003480277212698541 0.00031453079559044686 283.025
0.0003275410566344277 0.00030761101402877354 -0.0011213674648340645 3.594031664016837e-05 -0.00035268978239636194 0.0003143046449290928 283.038
0.00032866808101970625 0.0003062630819942727 -0.0011299598310510945 3.382358459516397e-05 -0.00035698056907469846 0.00031378792573622606 283.05
0.00032992574902192154 0.0003043267723892068 -0.0011386092860390749 3.074753647072761e-05 -0.0003619283390962512 0.0003129231798516609 283.063
0.000330773795864772 0.00030261263254615565 -0.0011459735230950356 2.6971198953816986e-05 -0.000366910107286427 0.00031206989812431873 283.075
0.0003309717471799006 0.00030147096182608706 -0.001152798222787758 2.2296204359624503e-05 -0.0003723063047715474 0.00031137906257237597 283.087
0.00032996914262042073 0.0003014964139995555 -0.0011593917579650046 1.626818472505441e-05 -0.00037852383484679214 0.000311057741498947 283.1
0.00032390119043859873 0.0003053297863721895 -0.0011692944123600155 1.181728215261008e-05 -0.0003848063245719065 0.00031156604100980167 283.113
0.00032364079589571846 0.00030775848059473305 -0.0011803764301605085 1.0316797790871613e-05 -0.0003895245669610239 0.00031309246501216766 283.125
0.00031959945328820894 0.000309478430716697 -0.001194061641320996 1.0949325512398748e-05 -0.00039369957497536475 0.00031287790381643297 283.137
0.00032830813985894596 0.0003048622192318238 -0.0012063408815871388 9.410120048005223e-06 -0.0003988455676457755 0.0003127354618361344 283.15
0.0003292602771574648 0.0003048590144963276 -0.0012113031735373724 5.100828567190697e-06 -0.00040337440187320834 0.00031305391866674753 283.163
0.0003227701705245683 0.00030488451748910257 -0.0012199926289799931 1.916063514182479e-06 -0.0004084072769877036 0.0003108914777095371 283.175
0.00032060300703895593 0.00030607441714865176 -0.0012357113481546052 -1.7260922257805442e-07 -0.00041507263416125373 0.0003109538807671403 283.188
0.00032590958245218326 0.0003036748549938253 -0.001247581671727216 -2.8989308519299127e-06 -0.00042086989991897873 0.0003111412340751336 283.2
0.00032601149007220295 0.00030494468125935993 -0.0012561751727908099 -6.677969948405143e-06 -0.00042626593455722734 0.00031201962627844476 283.212
0.00032387784481010997 0.00030676782347258575 -0.0012696315482352261 -7.890826541443497e-06 -0.0004315899980332234 0.0003125137859464762 283.225
0.0003303039418129898 0.00030420387682582187 -0.0012805347196152058 -9.811526116346716e-06 -0.0004365273942250242 0.0003129684575977269 283.238
0.0003239694147719504 0.00030628901470165196 -0.0012931077843285608 -1.066075602368858e-05 -0.0004413135564723991 0.0003122268121115824 283.25
0.0003325768557673355 0.0003016612042803927 -0.0013086233220197315 -1.0623447860146124e-05 -0.00044649922851161365 0.0003120428013426726 283.262
0.0003409757293282928 0.00029614752814091026 -0.0013165632029189939 -1.560320182013147e-05 -0.00045247316096979116 0.0003112022104366604 283.275
0.0003421882611352263 0.00029532963194222044 -0.0013235274410517044 -2.2095801281013947e-05 -0.0004591234804140689 0.00031106610578294136 283.288
0.0003479090739756636 0.0002939762512955493 -0.0013255050420299284 -2.927014712295124e-05 -0.00046455250383985793 0.0003120878344018747 283.3
0.0003298667214553596 0.0003019841536372001 -0.0013371598740657192 -3.230195494641878e-05 -0.0004704804913741634 0.0003113474132410477 283.313
0.0003375603772887074 0.0002993023182670054 -0.001356602356727648 -3.0902653718418275e-05 -0.0004760799831743453 0.00031215087625857115 283.325
0.0003461586060103128 0.00029379160954644723 -0.0013639158516650604 -3.6043714155039176e-05 -0.000481949535019291 0.000311377949667322 283.337
0.00034118869074382545 0.00029850687556663117 -0.0013743965515638074 -4.044840305306259e-05 -0.0004883946700286182 0.00031283918639748976 283.35
0.00035170420016839476 0.00029414080331811475 -0.0013846320523643945 -4.3259320786028085e-05 -0.0004936997801279153 0.00031347054003229074 283.363
0.000351711128676553 0.00029383480312536925 -0.0013869043799121308 -4.981340906071632e-05 -0.0004988167466527625 0.00031326990869191167 283.375
0.0003454438329172158 0.0002975079580520305 -0.0013933176316517938 -5.427280477030252e-05 -0.0005039317334465583 0.000313606651376387 283.387
0.0003411417270221764 0.0002990767557009987 -0.0014034093189429764 -5.667915849359608e-05 -0.0005089184812295055 0.0003132025332235236 283.4
0.0003302562191537023 0.0003006028471245906 -0.0014199842757852872 -5.8699139597977046e-05 -0.0005158262067718481 0.0003105617427269658 283.413
0.00033175925014265143 0.0003023375553421003 -0.0014403590903415337 -5.789857842100711e-05 -0.0005221358522038614 0.00031221815852136304 283.425
0.0003383957291961296 0.00029573985942353955 -0.0014579307676030374 -5.941583344986995e-05 -0.0005290447046500652 0.000310063624285591 283.438
0.00034774015277456424 0.00029396380215865466 -0.0014664205333038886 -6.536657106080961e-05 -0.0005358487502809281 0.00031202238062423045 283.45
0.00034599490564410834 0.000295290492481469 -0.001470988823250377 -7.042968039625438e-05 -0.000540745590692216 0.00031231819716461896 283.462
0.0003346926568249543 0.00029840620473861053 -0.0014897411994064164 -7.06567993568133e-05 -0.0005471931744025154 0.0003105923057956039 283.475
0.0003541787259911977 0.0002877236359894141 -0.0015015739310927877 -7.714096491621333e-05 -0.0005554729849768995 0.00031004047526427675 283.488
0.000341961405260814 0.000297380348849524 -0.0015053087675925756 -8.478418901807344e-05 -0.0005618037525205735 0.0003123509344259523 283.5
0.0003338909280625696 0.0003004671259830122 -0.0015245015202494064 -8.274204424785858e-05 -0.000566893001054384 0.00031169083888157927 283.512
0.00033782656545866996 0.0002958109268068918 -0.0015482139024012747 -8.256136611817852e-05 -0.0005747361792692871 0.000309920243744037 283.525
0.0003506746946558056 0.00029218328919033314 -0.001561160855480671 -8.770076556686071e-05 -0.0005824973409676072 0.000311825705574338 283.538
0.00034455436674139415 0.0002951425470463756 -0.0015747857921662785 -8.989906557262617e-05 -0.000588532953461791 0.0003117358131557963 283.55
0.0003600570406778585 0.0002874531659399314 -0.001587936649446354 -9.33813316924478e-05 -0.0005952615369450995 0.00031183573012655226 283.563
0.00035599711455603527 0.00028672269339089483 -0.0015944800321578622 -0.0001020208413896422 -0.0006031964997058442 0.0003099863121525734 283.575
0.00035580638123429583 0.00029140625080388436 -0.001606955212272308 -0.00010725957605965316 -0.0006108651799533488 0.00031303296383430564 283.587
0.00035442270181034596 0.00029322224886269975 -0.0016220932181303148 -0.00010834602614052271 -0.0006166705778396646 0.00031377355054580864 283.6
0.0003571444461128376 0.00028997268112225484 -0.0016379215790407657 -0.00011075911973292671 -0.0006235890725653624 0.0003125297607687104 283.613
0.0003603638780904144 0.000288005166068575 -0.0016497234182452575 -0.00011656773039653329 -0.000631410625399895 0.0003123038505251655 283.625
0.0003594678165295325 0.00029089590032266765 -0.0016611185380427215 -0.00012122950496647186 -0.0006383332173609097 0.00031392438273428105 283.637
0.00035845595589608596 0.00029070338046367615 -0.0016745932008091938 -0.0001247493661547435 -0.0006451951373971103 0.00031345595640726954 283.65
0.0003517964237648659 0.00029336195005482676 -0.001694804446465645 -0.00012621513693399303 -0.0006529564647985236 0.00031298459324365796 283.663
0.0003622536511967742 0.00028721387854877044 -0.0017116762948160226 -0.00012975514635810959 -0.0006609734359307517 0.0003124143106194694 283.675
0.0003611598116484595 0.0002897505840809512 -0.0017233378685644239 -0.00013620995878520594 -0.000669175607132911 0.0003137314687713934 283.688
0.0003566847175118557 0.0002909289889684914 -0.0017415995977777279 -0.0001381598432905812 -0.0006766031120858741 0.0003130101912352644 283.7
0.00036621787412125314 0.0002864881803983558 -0.0017561348882301636 -0.00014339053882912457 -0.0006849592180270534 0.0003132615848882602 283.712
0.0003559870401322331 0.0002929533564437954 -0.0017751466540302206 -0.0001470093382075786 -0.0006937478550037802 0.00031412077819500093 283.725
0.00036957744333233195 0.00028695762575988955 -0.0017968687612819494 -0.0001492593461721938 -0.000702536474600486 0.00031470350203500086 283.738
0.00037640768753882144 0.0002853094613677222 -0.0018028457830337615 -0.00015835567817861556 -0.000710584067597703 0.00031590281513759014 283.75
0.00036186242929284917 0.00029410051154500096 -0.001817388139540839 -0.00016270385346135038 -0.000718355079214692 0.00031685585307482145 283.762
0.0003678928340313651 0.00029297176950650116 -0.0018398146100063963 -0.00016360051148401692 -0.0007264821304567191 0.0003181310314894623 283.775
0.00036439878977445947 0.0002959256765334387 -0.0018613650968564348 -0.0001640175612767706 -0.0007339957816334464 0.0003189199601991249 283.788
0.0003772442296575738 0.00028812421922167007 -0.0018767867380181992 -0.00016768418438307627 -0.0007416100023975541 0.00031805083774529827 283.8
0.00037035121414637494 0.00029233992780582427 -0.0018886983505530456 -0.00017473678712052855 -0.0007502952759195157 0.00031853630383690313 283.813
0.00036286598700351514 0.00029487576268101627 -0.0019104540700785745 -0.0001757184588385144 -0.0007582531755851368 0.00031770810671356256 283.825
0.0003640063609126688 0.00029251604133426174 -0.0019361696924186343 -0.00017687981186550748 -0.0007676596512434822 0.0003165239619349331 283.837
0.00036820725237029074 0.00029153779887597923 -0.0019638820618137305 -0.00017874942600565156 -0.0007782064750339397 0.000317285530216326 283.85
0.0003842046421406817 0.00028398124138137907 -0.0019816281485381163 -0.00018482608019255883 -0.0007882016519258564 0.00031763662797972377 283.863
0.0003788724619023334 0.0002861434192013125 -0.001994627844613626 -0.00019364411404475254 -0.000798424763631781 0.000317282443263118 283.875
0.00037698168806845315 0.0002901741648112388 -0.002015219356807119 -0.0001983794030214313 -0.0008084848799458981 0.0003193250218156488 283.887
0.0003721082523957778 0.00029337257241022357 -0.002043509334820336 -0.00019997960704677816 -0.0008190476846345003 0.0003198130811431751 283.9
0.0003788511678489847 0.00029311851694071737 -0.0020735191847967497 -0.00020082062288323194 -0.0008296840619324231 0.00032190861368273357 283.913
0.00037907515412033345 0.00029441097760936504 -0.0021074199633307105 -0.00019766573822097513 -0.0008389723247811488 0.00032284344771053104 283.925
0.0004179416388464137 0.00027557108566132315 -0.002125788162702304 -0.0002049664153360226 -0.0008499892085379391 0.00032338080667476216 283.938
0.000408291101237796 0.00028362413585585576 -0.002130218892637838 -0.00021774023630762292 -0.0008599610010711904 0.00032548980140232085 283.95
0.00040191373604471124 0.00028792584487362036 -0.0021535808517678836 -0.0002199297840185197 -0.0008692601953402429 0.00032620398867162185 283.962
0.0003998382874805311 0.00028814417827983333 -0.0021908058536380336 -0.00021904947993141413 -0.000881176389833332 0.00032565257113007987 283.975
0.0004281156244991146 0.00027812320590989777 -0.0022150907295117204 -0.000224543324282668 -0.0008929802392685845 0.0003284925370875057 283.988
0.0004231760566074635 0.0002800815558192677 -0.002228657164957352 -0.00023441880567936303 -0.0009040946880964831 0.0003281347206688852 284.0
0.0004228983686571784 0.00028490122591531727 -0.0022555794587021697 -0.00023769052017228972 -0.0009153084996113403 0.0003312415164693822 284.012
0.0004322853170634915 0.0002803384526231492 -0.0022831703481153956 -0.00024143917342877636 -0.0009270643428986193 0.00033136338621141863 284.025
0.0004341616824703692 0.00028110989585941593 -0.0023106508965724725 -0.0002484411150122502 -0.0009409431294097562 0.00033250677939044383 284.038
0.0004441058105793892 0.00028187614358138503 -0.0023352136910280066 -0.0002538206256317379 -0.0009527640539794885 0.00033635511452879025 284.05
0.00044251667822373553 0.00028444531445516203 -0.002364833958197714 -0.0002570737208389538 -0.000964870816317174 0.00033752797574294224 284.063
0.0004569694500780174 0.00027976832360280575 -0.002390533928960741 -0.0002625408409573799 -0.0009771322312835365 0.0003392738985432019 284.075
0.0004517556054314835 0.0002856760522405028 -0.002416318571650333 -0.0002673298346879151 -0.0009889718785771261 0.0003414472822505198 284.087
0.00045545401027443765 0.00028407046708641385 -0.0024597513593578816 -0.000266191967328816 -0.001002801084111158 0.00034162236344160605 284.1
0.00048798167941177924 0.000270110429282293 -0.0024868572260224138 -0.0002761996022228774 -0.0010185505484105073 0.0003432732042481288 284.113
0.00048063793245229725 0.00027882225221891786 -0.0025051957627083335 -0.0002878402673638751 -0.0010324407473456588 0.00034659307248853744 284.125
0.0004827188721030386 0.00027833272947043805 -0.002538661022579292 -0.00029391019259163663 -0.0010477104841917888 0.0003469673137304172 284.137
0.0004898020665092894 0.0002836909461557272 -0.0025737825559606626 -0.0003010736211202459 -0.0010642623160557268 0.00035290495009075305 284.15
0.0004883802444794736 0.0002869965207693126 -0.00261567534214938 -0.00030466342189255127 -0.0010807139864054494 0.0003546234197483014 284.163
0.0005044166407669325 0.000286759575239738 -0.0026562208275615895 -0.0003089883154890837 -0.0010972023792543575 0.0003598498186089868 284.175
0.000514680589437594 0.0002900590120113655 -0.002693273875356096 -0.0003136854241398945 -0.0011127649729418263 0.0003654896815122078 284.188
0.0005142634152351273 0.0002906848319790877 -0.0027400139772781685 -0.0003156227683738251 -0.001129747021470874 0.0003657643303099304 284.2
0.0005441091784945672 0.00028527895070152984 -0.0027853152560433593 -0.0003218863435858807 -0.0011491198460185652 0.0003721968283003001 284.212
0.0005598324749786808 0.00028711031765430757 -0.0028218924902199405 -0.0003342266133219817 -0.0011695984649303683 0.0003786932870158768 284.225
0.0005677678680389241 0.00029911692357585375 -0.002868539989420752 -0.0003392627343175743 -0.001188607543127381 0.00038933218855142517 284.238
0.0005856517772300234 0.0002987859529856564 -0.0029184678933655466 -0.000339349583752528 -0.0012054317079985095 0.0003951170639089891 284.25
0.0006073289607723766 0.00029687388174424014 -0.0029671698571486368 -0.00034597186592430837 -0.0012261854406174716 0.00040112661103111115 284.262
0.0006310445683945253 0.00030509082336153747 -0.003022127998147193 -0.0003514925349260673 -0.0012483071622260368 0.00041454946546391026 284.275
0.0006638913367567165 0.00030524911236130126 -0.0030755959208301886 -0.000355472823977931 -0.0012689052850176296 0.0004256836950676812 284.288
0.0006829054970125383 0.0003130391900342679 -0.0031335481497582417 -0.000357892744379344 -0.0012899738021686401 0.0004372430679288481 284.3
0.0007376498887022177 0.00031170570029632956 -0.0031941170155247323 -0.00035972015686610713 -0.0013115265443810731 0.000454741825964241 284.313
0.0007691167858124197 0.0003168299163910417 -0.003246728603787677 -0.00036293421933211565 -0.0013313276613931826 0.00046871159855790796 284.325
0.0008199839666385889 0.0003212052475340613 -0.0033097563988804704 -0.00035963388085147053 -0.001350301073321934 0.0004886976800827298 284.337
0.0008998440646121058 0.00030941233871314955 -0.0033574660596212527 -0.00036350158904149745 -0.0013688919229083512 0.000507683059618485 284.35
0.0009510578597909872 0.0003158323371540956 -0.003394973959970976 -0.00037465734213425157 -0.0013888966330983165 0.0005291453520405461 284.363
0.0010022971124144975 0.0003280639447114234 -0.0034436751181894233 -0.0003740833975949319 -0.0014048699787006516 0.0005544751637130414 284.375
0.001072541117039541 0.0003297564487447693 -0.0034958360324708598 -0.00036479409438322703 -0.0014162161602902994 0.0005791889728881646 284.387
0.0011721445241883734 0.00031637148164909726 -0.0035321599223920525 -0.0003618573511051239 -0.0014264631681536165 0.000603745577761377 284.4
0.0012590494891717406 0.0003078976238156062 -0.0035455130675184805 -0.00037139811997742323 -0.00143728398165516 0.0006273013765269849 284.413
0.0013196716606505988 0.0003155560283078345 -0.0035684178713229417 -0.00037442971726056655 -0.001446988812788116 0.0006527447202162394 284.425
0.0014398184910340702 0.00030419555183507893 -0.0035723754928689844 -0.00037487910061180556 -0.0014486160496748174 0.0006855456195296122 284.438
0.001498290935167449 0.00029866771823427947 -0.0035561799553631133 -0.000382928320652835 -0.0014485234089193421 0.0007015087881230746 284.45
0.0015776705840238679 0.00029468992489758473 -0.003539571325805986 -0.0003923232113978363 -0.001449186239669498 0.0007255226537971487 284.462
0.0016318822279449904 0.0002928526476617593 -0.0035085781073352566 -0.000404417890242803 -0.001446812033965986 0.0007425064682692504 284.475
0.0016689731129991576 0.00029734782270052153 -0.0034915480944568587 -0.0004145120136015602 -0.0014477978758963598 0.0007579476829321876 284.488
0.0017102875814610872 0.0002998010018793951 -0.0034864513000237157 -0.0004204001229775467 -0.001449997565386936 0.0007734500799614337 284.5
0.0017599669421291717 0.0003004158326668314 -0.0034749498902724462 -0.00042677105039097844 -0.0014503673462670755 0.0007905416508632328 284.512
0.0017965560772916793 0.0003044444419149385 -0.00346192574284206 -0.00043114703089322943 -0.0014489003038060306 0.0008055044654264352 284.525
0.0018439868375643336 0.00029842163676458816 -0.0034477407733325173 -0.0004373955177022805 -0.0014482875610250677 0.0008174316818045194 284.538
0.0018717491595539835 0.000297900287674412 -0.0034299346348954877 -0.0004489268333735816 -0.0014499670168710893 0.0008264095081838725 284.55
0.0018942557478048793 0.0003017404628715494 -0.003420336570947097 -0.00046160452554582133 -0.001455163613019061 0.0008365178193760804 284.563
0.0019189213699632279 0.0003101152810041222 -0.0034166857337670073 -0.0004694774081231604 -0.0014591661127116488 0.000850363281036817 284.575
0.0019429033052861912 0.0003129181947918213 -0.0034099512860543153 -0.00047604010387225195 -0.0014612633254101693 0.0008602770507117567 284.587
0.0019490662641619622 0.0003202911293065201 -0.0034153152223234187 -0.0004838307799170859 -0.001468240184828863 0.0008672430374900533 284.6
0.001977086609023516 0.0003263273037535206 -0.003431520248868458 -0.0004907894897087517 -0.0014783039042826607 0.0008806634362204765 284.613
0.0020026637120382188 0.00033593076429932545 -0.0034403344904780195 -0.0004954115660514381 -0.0014843332181045008 0.0008956301743698038 284.625
0.002017860127428984 0.00034217010690123866 -0.003453619607759128 -0.0004983032649232675 -0.0014907146330884406 0.0009048779688403444 284.637
0.002036475636751427 0.00035199415330226146 -0.0034811047314611612 -0.0005004452937061739 -0.0015013673770022291 0.0009176523310962187 284.65
0.0020616263573808463 0.00036217554185122313 -0.0035220889342950303 -0.000496619380312135 -0.0015125896633820999 0.0009328620149815382 284.663
0.002101535037930204 0.00036280541675294005 -0.0035718446613286848 -0.0004906266139213974 -0.0015253168368456493 0.000946682104228171 284.675
0.0021841216418841056 0.0003571899800023176 -0.0036084812323896273 -0.0004913092059407986 -0.0015380729783717288 0.0009706844864989493 284.688
0.0022482068541229087 0.00035810389481896347 -0.003614372545052593 -0.0004983726079629364 -0.0015447435125863808 0.000992811834267572 284.7
0.0022781411061832796 0.00037054639817317247 -0.0036367809952274374 -0.0004964580593665572 -0.0015509963237045291 0.0010111295104241282 284.712
0.002364044571620456 0.0003586171335433588 -0.0036611811047390043 -0.0004993035593039404 -0.0015610794442844985 0.0010320518951779235 284.725
0.002412040786309279 0.00037594701134074796 -0.003678412009584995 -0.0005060254380652972 -0.0015713305275122567 0.0010596798564685463 284.738
0.0024761690955576996 0.00038945443889205 -0.0037184881286301077 -0.0004918769411586443 -0.0015753910009487424 0.0010901858348242026 284.75
0.002590166472392071 0.0003735517441634396 -0.003734831417337046 -0.0004812607320597689 -0.0015738280177571358 0.0011179044214803112 284.762
0.002677453325238751 0.00036974002717474116 -0.0037256075190530854 -0.0004808187523825433 -0.001570437126477614 0.001144683955149637 284.775
0.002772702515684392 0.00036133957200110443 -0.003714392732501113 -0.00047998441084948153 -0.0015661170553034046 0.0011710898943687101 284.788
0.002853795867926108 0.00035627727414865013 -0.0036979409136657145 -0.0004803071272330395 -0.0015608066485310371 0.0011949591969390612 284.8
0.0029513677277063603 0.0003480790251579035 -0.0036750967943993797 -0.00047624816171003374 -0.0015504394292831885 0.0012222789892536773 284.813
0.00306155386068836 0.00031769941368273375 -0.003613975539497455 -0.0004903401410812504 -0.0015392746564618352 0.0012391018335341998 284.825
0.003091722013367582 0.0003295657199352004 -0.0035429000777161155 -0.000509908202275306 -0.0015284043881775157 0.0012571144579946398 284.837
0.0031277651022401575 0.0003285891088951903 -0.0035002152846745106 -0.0005170529881148997 -0.0015188157263503754 0.0012685697650267197 284.85
0.0031697030103313073 0.00033105381166989616 -0.0034613348944976673 -0.0005278710768530498 -0.001512944387362178 0.0012842892572550429 284.863
0.0031816720264016976 0.0003504569989087591 -0.003456076477999055 -0.0005164808835628063 -0.0015036139102608185 0.0013011953200905443 284.875
0.0032907407485775753 0.0003066919947090977 -0.0034271361899256233 -0.000517782410910463 -0.0014947600612558272 0.0013087541319103191 284.887
0.003317706841176868 0.0003097229721955502 -0.0033543696160639007 -0.000547473299458098 -0.0014900446619233525 0.0013198217922439945 284.9
0.003331195157537723 0.00032359083370702395 -0.0033155462835893768 -0.0005576439770780229 -0.0014837635642311357 0.0013335619021273813 284.913
0.003359521623588563 0.0003210961999669429 -0.003292993884544765 -0.0005597548940800644 -0.0014775922497173306 0.0013414184197106799 284.925
0.0034043731692235354 0.0003106982174791004 -0.0032458462555063424 -0.0005781924863892594 -0.001474005814839151 0.0013495725624087553 284.938
0.003379526936443431 0.00033569816061292286 -0.0032229781186216343 -0.0005865112851718159 -0.0014718515348086834 0.0013578350453054698 284.95
0.003422537674171179 0.000324159615709592 -0.0032159838141456055 -0.0005889071409398106 -0.001471094205335334 0.001364612652821413 284.962
0.0034341347959781702 0.0003301433652477405 -0.0031864479796537074 -0.0006066301559051688 -0.0014729481639488562 0.0013724826418853398 284.975
0.003420335006626194 0.0003507017580943733 -0.003191428438014486 -0.0006102090505020572 -0.0014769972879057943 0.0013815036316040025 284.988
0.003455198449281912 0.0003472396398031356 -0.0032110917336595672 -0.0006090146615400407 -0.0014828068747757379 0.0013909113555156992 285.0
0.0034874998478159618 0.0003492690796298767 -0.00321730694701179 -0.0006159403199451887 -0.0014894933447862696 0.0014031068286948693 285.012
0.0035240050532420663 0.00035071031701107587 -0.00321523009796469 -0.0006293727351628325 -0.0014977174271550767 0.001416321255776809 285.025
0.0035192478699294684 0.000374951633377265 -0.0032411238754351313 -0.0006346116777244883 -0.0015098934460242564 0.0014308244466110813 285.038
0.0035720291661227705 0.0003794294318290041 -0.0032839556123917535 -0.0006318676749483131 -0.001522454016155213 0.001451524191686935 285.05
0.0036151477425871523 0.0003952975862247328 -0.003333166445526394 -0.0006246767111009877 -0.0015342031084308572 0.001476542217082058 285.063
0.003712375094589561 0.0003848933593094377 -0.003367254693298868 -0.0006233451735914626 -0.0015447657173767993 0.0015022826789426768 285.075
0.003759018329222225 0.00040338805677603463 -0.003402548395824191 -0.0006244866707070552 -0.001557374849864345 0.001530229356188702 285.087
0.003873075588948112 0.0004119633936912223 -0.0034667570379606403 -0.0006053398605614722 -0.0015662195536046933 0.0015742250813353823 285.1
0.004046224766362934 0.00038578095896916683 -0.003472460442029371 -0.0006056949883755096 -0.0015683712589111085 0.0016149797944041413 285.113
0.004123839701904538 0.0004107892891251923 -0.003460456162982067 -0.0006093973889073802 -0.0015667993298232041 0.0016576540854037244 285.125
0.0042279097693122955 0.0004164189762195237 -0.0034934892070381585 -0.0005901064481491204 -0.0015650786427002488 0.0016963411922109096 285.137
0.004407713750213512 0.00041571406869683573 -0.0035233132629563274 -0.0005594529838730327 -0.0015547332142082345 0.0017562517568872596 285.15
0.004632136710016585 0.0003749092923281552 -0.003498567995113779 -0.0005380492247966877 -0.0015322074948976513 0.0018045110561926527 285.163
0.004835936979287858 0.0003392655876352827 -0.0034098804211527833 -0.0005464301922670766 -0.0015079928692703095 0.0018492739174376404 285.175
0.004992843479282061 0.0003246863400641689 -0.003287555933783002 -0.0005643676081806776 -0.0014788301732420778 0.0018922807485702874 285.188
0.005132440250382549 0.0003187214996961676 -0.0031736003324190722 -0.0005764074837137599 -0.001448559640322006 0.0019351976572181918 285.2
0.005245978606473286 0.0003220767915673551 -0.0030691874509464192 -0.0005740771857871196 -0.0014119489031644403 0.001975552035193353 285.212
0.005418819949967822 0.00029675720204613913 -0.0029445681492567136 -0.0005671290254571024 -0.0013654863054521097 0.002016776018272871 285.225
0.00558405798055026 0.00026476647976599195 -0.0027598332273006524 -0.0005791256263614146 -0.0013114199689249256 0.002051015237031301 285.238
0.005665918330457481 0.00025222256057199727 -0.002580400098652101 -0.0005948041490099398 -0.0012615791342578723 0.0020701741315517375 285.25
0.00576909101494346 0.0002313069417037592 -0.0024105028355521463 -0.0006075751472233114 -0.0012130083399874612 0.00209092816589659 285.262
0.005879445471676865 0.00020013638444311226 -0.002183750981973603 -0.0006396145116983582 -0.0011581444924573326 0.0021072814734869137 285.275
0.005919736028960197 0.000200121633685501 -0.001931374103364155 -0.0006821517146677556 -0.0011016477509161776 0.0021208030416651476 285.288
0.005903552584883966 0.00021828333416303814 -0.001728444635340188 -0.0007028861115633098 -0.0010472743653103954 0.0021274300931294716 285.3
0.005910827321716716 0.00021486977456454466 -0.0015293469947592108 -0.0007157760615202614 -0.0009889783146609333 0.0021276065602054105 285.313
0.005895004393492063 0.00021544109664005566 -0.0013418192515230478 -0.0007326194361078914 -0.0009371921874740134 0.00212267342780505 285.325
0.0058689861908472534 0.0002172764511709814 -0.0011671562632943754 -0.0007463930747602916 -0.0008876867541771351 0.0021151552082660334 285.337
0.005858459638571348 0.00020952611807458627 -0.000958332626605296 -0.0007683166078452805 -0.0008321245055716444 0.0021064709676999974 285.35
0.005756954911763512 0.00022780654205674844 -0.0007742503050546581 -0.0007818851658046777 -0.0007793213863511342 0.0020845282268367304 285.363
0.005734939135776953 0.00021159340594609818 -0.0006270865854017276 -0.000791411458393756 -0.0007362296560359672 0.0020663668301469824 285.375
0.00569944720528705 0.00020434035377057315 -0.00042818432757315455 -0.0008207210615783227 -0.0006889038590582141 0.0020496308295207964 285.387
0.005568749108824197 0.00021471962331228892 -0.00021789487471188918 -0.0008572730926923951 -0.000642564694625047 0.0020126350465735758 285.4
0.005418382657489567 0.0002446134780215468 -5.8828025358681944e-05 -0.0008841345980713565 -0.0006069907898621324 0.001981995409697584 285.413
0.005273396887547773 0.00028283494871301194 4.0846221780593864e-05 -0.000881439390278912 -0.0005717300793079271 0.0019586952566333676 285.425
0.005174538566841158 0.00028217669777204737 0.0001345205568952312 -0.0008672698293798882 -0.0005308626215696666 0.0019250610704361249 285.438
0.005088994030573533 0.00027216293239967743 0.00024915660481626245 -0.0008686371444060041 -0.0004932752204106953 0.0018896843952918541 285.45
0.004968384734720457 0.000259757204442999 0.00037857887570567184 -0.0008870233612125704 -0.00046202585706582073 0.0018409434465867724 285.462
0.0047870330547532675 0.0002702705502105163 0.0004886011063892882 -0.0009141682481274374 -0.0004431089122832977 0.0017870268357477541 285.475
0.004597127499442087 0.0002959842591015069 0.0005312670939317166 -0.0009253545864600996 -0.0004362115598298504 0.0017403341346851372 285.488
0.004498600425642146 0.0003053903385729492 0.0005584799725851361 -0.0009259185839610257 -0.0004274475054477898 0.0017134962842759584 285.5
0.004375280812145285 0.00031810192491762106 0.0005999722118051998 -0.0009194656948354933 -0.00040922774106645014 0.0016805266942346898 285.512
0.004263943101844279 0.00029797799621235143 0.0006450176755040142 -0.0009232477830095229 -0.0003966140388058733 0.0016297717739537972 285.525
0.004128304944974986 0.00030355047555381256 0.0006968113355773895 -0.0009434106300603492 -0.00039261448686494843 0.0015879253796246139 285.538
0.003980833870875195 0.0003181060591026127 0.0007186169476055707 -0.0009516176309524583 -0.0003907429037862602 0.0015480727280439985 285.55
0.0038462506420922087 0.00032492393008798695 0.0007065277853234161 -0.0009502892825321199 -0.00039391997591121513 0.0015074067795932023 285.563
0.003786938641994925 0.00031661601125979993 0.0007349332116990656 -0.0009552671136597125 -0.0003876871298982178 0.0014819723593916183 285.575
0.003607245320826494 0.00031763723053947863 0.0007589364956459119 -0.0009711607086594451 -0.00039018273563036303 0.0014223075710631762 285.587
0.003468312617934789 0.00033724717814260857 0.0007168886741647678 -0.0009759421624328039 -0.0004074784541046486 0.0013886782941347339 285.6
0.0033695828131427917 0.00033092196383700904 0.0006805996296944466 -0.00097564456915156 -0.00041946684408729167 0.0013513223452590612 285.613
0.003269369160202095 0.0003314718755286033 0.0006527959253230726 -0.0009831908813650659 -0.00043381625429796865 0.0013180352191738986 285.625
0.0031831602978556715 0.00033069757954191367 0.000627058291284597 -0.0009922638408814053 -0.00044848523877211936 0.0012885722566301722 285.637
0.003061200656270284 0.00033763192979515165 0.0005856799063733515 -0.0010005854605794466 -0.0004679072503480805 0.0012522227833143952 285.65
0.0029625492895729894 0.00034309675246023744 0.0005076807325137301 -0.000999751382222747 -0.000493546225510166 0.0012227246957017286 285.663
0.0029316981590471335 0.0003293606445110622 0.0004497055960124074 -0.0010052479311081807 -0.0005166649252889243 0.0012032422407980354 285.675
0.0028662038775993646 0.00033457305584040626 0.00040516483905123643 -0.0010123897851295942 -0.000536365431992935 0.0011847094429859035 285.688
0.002840746344463413 0.00031308671745604235 0.000380961760709607 -0.0010271477433498452 -0.000554295492167919 0.0011618902655629228 285.7
0.0027517723245528455 0.0003251085749184255 0.0003583716717105128 -0.001051053191845247 -0.0005777592971132746 0.0011399966720923725 285.712
0.0026756183192889935 0.0003408298968843454 0.0002924267464034408 -0.0010570327945568895 -0.0006038758115362215 0.0011248662818458524 285.725
0.0026399353096421677 0.00033728663765678703 0.00022594353779828587 -0.0010592587903517508 -0.0006276790321399307 0.0011105306987843006 285.738
0.0026138264883255316 0.0003342244699916321 0.0001838928369730436 -0.0010686265004795023 -0.0006480222667632245 0.0010997276721358435 285.75
0.002574313665752224 0.0003346918569775563 0.0001463642116429861 -0.0010794588029356086 -0.0006678197925209066 0.0010867709899396987 285.762
0.002537705301857811 0.00033477265748104384 0.00010345162142187275 -0.0010912716404273487 -0.0006900756141487846 0.001074530861388993 285.775
0.0024949016874502333 0.00033762575571412684 5.6439101014100526e-05 -0.0011019365940433481 -0.0007129467976615244 0.001062051849071148 285.788
0.0024660434577663654 0.0003366849637914678 4.442983066195524e-06 -0.0011107758003172455 -0.0007362782831286527 0.0010517373406359707 285.8
0.002459553006691828 0.00033246096807657715 -3.3706533905734035e-05 -0.0011272850829699014 -0.0007600537772006646 0.001046751934036812 285.813
0.0024137585092155367 0.0003457175996381446 -7.459402433227126e-05 -0.0011365274044793454 -0.0007799228956089707 0.0010401781755634953 285.825
0.0024191902851469077 0.00033521646759284573 -0.00011418073384946593 -0.001145901334200766 -0.0007994426645441143 0.0010350278546311842 285.837
0.0023815894204589736 0.0003430250090031781 -0.00014989854879929128 -0.00116082671024861 -0.0008213499991105669 0.001027587623005476 285.85
0.002382920757173757 0.0003377439443416609 -0.0001818598094485209 -0.001176755104427889 -0.0008426625672647015 0.001024526541083827 285.863
0.0023377808560122518 0.0003505125852374832 -0.00021240526880490776 -0.0011919479131336603 -0.0008630109775834636 0.001017849839241756 285.875
0.002324667199927323 0.0003566336091707344 -0.0002624224772317169 -0.0011976830997372618 -0.0008836160526870532 0.0010175115556692186 285.887
0.0023213109014033314 0.00035451705783778886 -0.000303428757273718 -0.0012068383154818837 -0.0009034670498285837 0.0010149786195219966 285.9
0.002291007118162241 0.00036075009285675995 -0.0004097147424375236 -0.0012452998620916314 -0.0009647041703115354 0.0010089425156043848 285.94
0.0022837452619811046 0.00036447661104215543 -0.0005013517190223227 -0.0012882718270716335 -0.0010240180888472696 0.0010089783649112308 285.98
0.0022613063778844584 0.00037692443011962763 -0.0005831586248423417 -0.0013341186923920799 -0.001081940804536293 0.0010097110405493934 286.02
0.0022526756005251925 0.0003889818769814735 -0.0006660721909454226 -0.0013801238244539726 -0.0011403403672160417 0.0010148209818678954 286.06
0.002244643014570097 0.00040734035708490647 -0.0007479687943997124 -0.0014245674411987074 -0.0011973609313374774 0.0010243178826896862 286.1
0.0022573061626997948 0.00041857108641663466 -0.0008203027865725115 -0.0014705715483145406 -0.0012522068617226768 0.001036028987560737 286.14
0.0022487246163607304 0.0004388818436113444 -0.0008943829838117027 -0.0015176743526906583 -0.0013083693574003708 0.0010466381389290836 286.18
0.0022729094496381982 0.00045226528755621705 -0.000974781088263251 -0.0015630049070170335 -0.0013654750259208663 0.001063649944586557 286.22
0.0023127844791591724 0.00045862327927515537 -0.001028817006151165 -0.0016210278404437597 -0.001422158446026272 0.001081261881793842 286.26
0.0023230778451960453 0.0004853173293856242 -0.0010745814624255059 -0.0016850917755382394 -0.0014800775822957845 0.0011024483281797375 286.3
0.0023435792947017232 0.0005127634713642619 -0.001128416504623051 -0.001744006243227826 -0.0015372866440898397 0.00112756210459794 286.34
0.0023698928493350443 0.0005378159372292083 -0.00117580469594125 -0.0018054098387436295 -0.0015939842374806592 0.001153038277595453 286.38
0.0023899366194061696 0.0005650140104699426 -0.0012211794707190833 -0.0018737908429337703 -0.0016546390902175995 0.0011778348703615049 286.42
0.002418172748236951 0.0005992309812934469 -0.0012647186276961246 -0.0019483177719801907 -0.0017187600484105177 0.0012100420261739863 286.46
0.00244254633256721 0.0006412323239781373 -0.0013048132539885252 -0.0020251348631550536 -0.001783246288805229 0.0012461244962497983 286.5
0.002478455012170184 0.000681112894815731 -0.001330123522384965 -0.002113179071733166 -0.0018502232336183146 0.0012846725474755113 286.54
0.002474474222013897 0.000749524829526137 -0.0013550568032315573 -0.002206243844583597 -0.0019204082675482132 0.0013287730710615708 286.58
0.002480701498852568 0.0008173334778870473 -0.0013884468503553829 -0.0023044576451393675 -0.0019968547324276786 0.0013759015136837521 286.62
0.0024457045012179763 0.0009271135557172096 -0.0014516624612860235 -0.002397760088503877 -0.002080054276074959 0.001437065541043918 286.66
0.0024820654664269473 0.0010265855314842216 -0.0015166386570624048 -0.0024872015816939856 -0.0021612802358694214 0.0015153442105244072 286.7
0.002445620647820556 0.001172435571546112 -0.001585419279318804 -0.002572186575406855 -0.002240823769104392 0.0015999793344185598 286.74
0.0024375622642871164 0.0013285195211109907 -0.0017150869254075162 -0.002627622120547008 -0.002321185875170616 0.001700943779578791 286.78
0.002496483127454181 0.0014790857642795205 -0.0018521725150903278 -0.0026719529719571415 -0.002396664717996492 0.0018207328720018189 286.82
0.0025680832376459603 0.001654013516078947 -0.0019711165907511 -0.0027069435031905303 -0.0024598475875739034 0.0019609646433913783 286.86
0.002642164246306338 0.0018486947318770378 -0.0021010124057035773 -0.0027092778838671556 -0.002505017486954143 0.00211514622955918 286.9
0.0027736744215130674 0.002027966789608763 -0.0022234789887257515 -0.0026888520812486665 -0.002532575767967152 0.0022783805915043303 286.94
0.0028889883100041325 0.002236157638859526 -0.0023495368825874464 -0.002631922534285655 -0.002537094256317484 0.0024553817778866036 286.98
0.003101558167107688 0.0023907499343896964 -0.002459820282509094 -0.0025512072385884296 -0.0025205175546666463 0.002629443757188007 287.02
0.003315357090026794 0.00257325080357322 -0.0025078011401073424 -0.0024536618503529155 -0.0024718403339388613 0.0028224542945895813 287.06
0.0035226512453611614 0.0027224323008782038 -0.0025240950586542096 -0.0023169129923164525 -0.002386484692052802 0.002991149329273818 287.1
0.0037461986081554492 0.0028356741265519038 -0.0024922410554549866 -0.0021743616319932777 -0.002281106762129113 0.003141433205398885 287.14
0.003899144084644478 0.0029593855086197367 -0.0024415770094770475 -0.002005584217889287 -0.0021519924185256565 0.0032749617590666223 287.18
0.004069739021440314 0.0030059359889388166 -0.002398199570073343 -0.001822799876026558 -0.0020160214777649086 0.00336316735397506 287.22
0.004229872414538827 0.0030440891559292632 -0.002343879350868022 -0.0016489357075896757 -0.0018823006353432862 0.003442281827592884 287.26
0.004410242054665374 0.0030330873962628674 -0.0022633503089834737 -0.0014805344655488615 -0.0017434077310769117 0.0034955432803915215 287.3
0.004553972655772967 0.002995293039938835 -0.002141945657915787 -0.0013497006819408624 -0.001615740399139988 0.0035187066375162363 287.34
0.004610169739284355 0.002992798796798842 -0.0020666227377574777 -0.0012163995604108874 -0.00150190853015456 0.0035359209247489754 287.38
0.00477454541579432 0.002914372883976047 -0.0020076980698628183 -0.0010903848848996941 -0.001398423501677617 0.003539028933452443 287.42
0.004895749779459252 0.0028479733244081364 -0.001915832276264158 -0.0010064129518668643 -0.0013118008176418504 0.0035356286312957547 287.46
0.005041272155886748 0.002783245651835189 -0.0018177208094469223 -0.000938164334749758 -0.0012335236666686535 0.003541503930272821 287.5
0.005168094287363177 0.0027197557917582006 -0.0017067406616869142 -0.0008833232283524306 -0.001159831107250197 0.0035419212726791644 287.54
0.005322974482205762 0.0026553707839522237 -0.001572753391555929 -0.0008431422362435398 -0.0010881498554219276 0.003551167456588221 287.58
0.005445518284482705 0.002599495370861711 -0.001407215438817708 -0.0008137249197864776 -0.0010130221861296659 0.0035552066434591458 287.62
0.005558526526308566 0.0025411238836042325 -0.0012257952845336944 -0.000792844186243053 -0.0009382308863110586 0.0035543854538881655 287.66
0.005654289624519733 0.0024786908075070365 -0.0010119854445577974 -0.0007971317612988041 -0.0008692802692786786 0.0035450746389760987 287.7
0.00568176649854827 0.002459797532310907 -0.0007905761527199999 -0.0008095790301599441 -0.0008031975300684716 0.003541753190519806 287.74
0.005672075524753085 0.002448124373834378 -0.0006159574670760215 -0.0007991441389754777 -0.0007376292904631745 0.0035307452301338543 287.78
0.005735451863261911 0.0023996239395170783 -0.00042258219320418894 -0.0008055838879238376 -0.0006769701158223673 0.003519815153003935 287.82
0.005691021691483889 0.0024105605756109556 -0.0002149349954134362 -0.0008188817179752125 -0.0006160723394230507 0.003512159406425877 287.86
0.005666109968691109 0.002409837695084848 -4.902708290520815e-05 -0.0008026616506065087 -0.0005495863552454437 0.0035033125362173003 287.9
0.005667854762441309 0.0023797021939410234 0.00014871554502888593 -0.0007970090658443185 -0.00047942939885626325 0.0034838833963403756 287.94
0.0055835264832831445 0.00237424307850308 0.0003628972876814468 -0.0008067379738659357 -0.0004139673731776448 0.003451940166555713 287.98
0.0054525314237359795 0.0023860829426100368 0.0005129266861558362 -0.0007957018000148382 -0.0003562559761719395 0.0034158149019116904 288.02
0.005395413926600178 0.002354560593852647 0.0006489089264986725 -0.0007877120742601015 -0.00030528580027951917 0.00337569713577083 288.06
0.005299003364613253 0.0023426955245976593 0.000828132494687971 -0.0008068180760866109 -0.0002577914327490919 0.003335441883702612 288.1
0.005102452021596399 0.0023626370771155326 0.000960991980849768 -0.0008169972881494228 -0.00021993688334105973 0.0032826833690771154 288.14
0.004947398430242831 0.002374864942045678 0.0010265742342556795 -0.0008085412460234015 -0.00019229805720902355 0.0032387362535190797 288.18
0.004799931127103249 0.002379807642772241 0.0010665682217128561 -0.0007927469417831768 -0.00016837753340538154 0.0031924999288994458 288.22
0.0046858554527458 0.002364131707050075 0.0010965470432749127 -0.000788357573113721 -0.0001553946635009343 0.003143780278327549 288.26
0.004555264320591282 0.002374652692391419 0.0011118679138871965 -0.0007883969999038651 -0.0001502763862379646 0.0031069146820680883 288.3
0.004461843148867275 0.0023746563988981573 0.001108641703748036 -0.000778281932263001 -0.0001446416037760172 0.003075546380427588 288.34
0.004388005748678292 0.0023621663097009573 0.0011246662286899564 -0.0007836167705994867 -0.00014280311805894884 0.003042455966590743 288.38
0.00426448271210987 0.0023908962322396854 0.0011182970626764817 -0.0007807740053594452 -0.00014305397031407434 0.0030200569157537304 288.42
0.0042077935134522204 0.0023865412500705145 0.001090072699466523 -0.0007624719212420432 -0.00014037632128334994 0.002998128883077968 288.46
0.00414369358016392 0.002381908872100806 0.001067045568439048 -0.0007526842163489108 -0.0001416076663574141 0.002973527106738849 288.5
0.004124875762422815 0.002368852215969452 0.0010561122924725025 -0.0007533999624862908 -0.00014575435192581534 0.002958535805268032 288.54
0.004084444075536066 0.0023762858756262695 0.0010700969787122289 -0.0007550480738998484 -0.00014215234158585153 0.0029498963457392146 288.58
0.004031308467634753 0.002368243024552507 0.001082669321129393 -0.0007591264671746255 -0.00014063926197354008 0.0029267099520550633 288.62
0.00396190584107843 0.0023878200257725036 0.001072818710770332 -0.0007593328992086157 -0.0001440843119418484 0.002916407663057627 288.66
0.003931733128443891 0.0023855403175220375 0.0010508681135237366 -0.0007492434529962016 -0.00014475392690700494 0.0029047604571115506 288.7
0.003919186175605098 0.002378122823463927 0.0010565549523758318 -0.0007522120788597459 -0.00014481661485211836 0.0028956201214785583 288.74
0.0038695501933937635 0.0023860879027145926 0.0010732025389952183 -0.0007615005581640869 -0.00014539601726338755 0.0028842429028966736 288.78
0.003801815328344573 0.0024080970521463915 0.0010514438426962851 -0.0007544208432918365 -0.0001480005784382746 0.0028761156618734617 288.82
0.0038094916246193544 0.0024000939324965984 0.0010368040612167854 -0.0007442117411527175 -0.00014613535770752095 0.0028733786863121024 288.86
0.003771824267080506 0.0024008887208107925 0.0010455960379113765 -0.000743789479388176 -0.000142902260099657 0.0028612564916455506 288.9
0.003748315099194179 0.002393509093134537 0.0010508759788228903 -0.0007532540289709221 -0.00014741571784143378 0.002848460939355811 288.94
0.0036958640744137895 0.0024172831964748257 0.0010460039132636212 -0.0007595162011773134 -0.00015321145586135395 0.002846637496957934 288.98
0.003674876091948632 0.002428818049812566 0.001027559599356365 -0.0007473298395091597 -0.00015131094561610212 0.0028472524323797767 289.02
0.0036608994471661782 0.0024211630038021062 0.0010197370865559366 -0.0007400384227061157 -0.00014909412169716006 0.0028374737717230675 289.06
0.0036542306811069786 0.002413508704065519 0.0010332163413727476 -0.0007528728412018426 -0.00015309274674676072 0.002830149631990372 289.1
0.0035953323232100895 0.002443144573808429 0.0010296677353343355 -0.0007550836804063021 -0.00015575331208380656 0.002830055830410784 289.14
0.00360079291018514 0.0024365390516644693 0.0010248022657078078 -0.0007502075649525466 -0.000154148420255329 0.0028275024801674726 289.18
0.0035503116996082338 0.002450665736898525 0.001023947784696137 -0.0007506819062432017 -0.00015474987054061426 0.0028199339926072023 289.22
0.0035505983680170603 0.0024458855026568195 0.0010224696960814397 -0.0007533265950449866 -0.00015700259191490232 0.0028168543664325424 289.26
0.003497520048960406 0.0024642352791785717 0.0010250923311013304 -0.0007578095913099383 -0.00015909927740033515 0.0028112186679660318 289.3
0.003462007180796545 0.002473846973427657 0.0009920021179462876 -0.0007495761840073924 -0.00016474259120393631 0.002805676001650165 289.34
0.0034795371714303235 0.0024659667999467503 0.0009792376678265508 -0.0007511836990948855 -0.00017009754146635135 0.002806328783996483 289.38
0.0034492812910144684 0.002479117988247694 0.0009818951365954723 -0.0007572361145430052 -0.0001732253697945829 0.002804904444206419 289.42
0.0034386397636569075 0.0024807659283450556 0.0009778279338127503 -0.000762697591588232 -0.00017821799309047532 0.0028024260603082647 289.46
0.0034077499604277138 0.0024987431805138507 0.0009746901159909046 -0.0007682287561663816 -0.00018294510965931847 0.002803992623264577 289.5
0.0033307166394891956 0.00253350601234287 0.0009117674224984801 -0.000760549567011582 -0.00019897487315892291 0.0028012133947345804 289.625
0.0033427732594358242 0.0025355393852958845 0.0008519095450139345 -0.0007668042083400676 -0.00022323005112698512 0.00280661268831735 289.75
0.003341555055123929 0.0025565004088244285 0.0008321355439237152 -0.0008070463627799247 -0.00025659883358130064 0.0028201259520433068 289.875
0.003317128582632565 0.0026336231030310337 0.0008030061692264799 -0.0008352685701391004 -0.0002851263411199894 0.002863147126204201 290.0
0.003318155429098115 0.002695424575788059 0.0007559107748391032 -0.0008356057039403043 -0.0003011649711297555 0.002904542113335689 290.125
0.0033410902411873168 0.0027508315305526383 0.0007038241100876141 -0.00083345795848379 -0.0003172288301088222 0.0029490434599881497 290.25
0.003414919947407662 0.002802431341360752 0.0006741193239598189 -0.0008364152714150001 -0.00032916811707342833 0.0030081086288192673 290.375
0.003494395793303399 0.002864148924954205 0.0006999567594844179 -0.0008464596431645401 -0.0003271634758224355 0.003075788491957404 290.5
0.0035198022988454716 0.002946683000351701 0.0007537047942171914 -0.0008529940341682151 -0.0003134551342174433 0.003139139782666191 290.625
0.0034889554168103186 0.003054999263953353 0.0007490500772645326 -0.0008213558757109395 -0.00029400379688371633 0.003200724502959259 290.75
0.003587528460563757 0.0030956445782621676 0.0007427639492191477 -0.0007833687039339549 -0.00027088392270562103 0.0032608215480559696 290.875
0.0036563703939958467 0.0031554542244331555 0.0008141904237929224 -0.0007792678249600981 -0.00024417475465372254 0.0033236650279641383 291.0
0.0036574419875622273 0.003257257403917229 0.0008866539311856084 -0.0007623504524707017 -0.00020860425230379015 0.0033916415531562304 291.125
0.0036645679235134117 0.0033541870437009437 0.0009318698958595734 -0.0007090434963703594 -0.00015801476245276577 0.0034584139581806217 291.25
0.0036901895107932315 0.0034152680118908294 0.0009842922925174878 -0.0006491990166297547 -0.00010066269740905656 0.003507588494078898 291.375
0.003701061011104396 0.0034748429713384733 0.0010575908112993766 -0.0006062076127013301 -4.749384172932538e-05 0.003550807862541082 291.5
0.003668352630146393 0.0035610742269405944 0.0011143512940218526 -0.0005545901392728116 5.850862776604434e-06 0.0035970992388120234 291.625
0.003662762198035794 0.0036312938644532514 0.0011476249959088212 -0.0004833179962691509 6.436310076669027e-05 0.0036418604687618833 291.75
0.0036760493888549285 0.0036840798356771692 0.0011979026641419023 -0.0004174783291283054 0.0001249766756249968 0.0036813826876060845 291.875
0.0036687369344202817 0.0037525479457397983 0.0012720406813009845 -0.0003559681233230401 0.00019072695262609737 0.003724402911963471 292.0
0.0036068080255214265 0.0038367227609425246 0.0013169006349570886 -0.00026631972932856433 0.0002653355410066062 0.0037595165996592243 292.125
0.0036036345435791857 0.0038714306704179693 0.001348768398378019 -0.00016988113075383363 0.0003400912874963198 0.003781502263981863 292.25
0.003558907137510982 0.003922855810668871 0.0013851250193794454 -8.281130811945132e-05 0.0004101309591604073 0.0038006390815994544 292.375
0.0035294040773923745 0.003971536812044893 0.001393151926707507 2.2109031097607072e-05 0.00048251392069917554 0.003823065040103894 292.5
0.0035329869553727532 0.003993274293335731 0.0014054229664339395 0.00013320773756884827 0.0005604248372214368 0.0038387054743644366 292.625
0.0035322164285823245 0.0040053410058180925 0.0014334207971480174 0.00023839885564137754 0.0006396935986145231 0.0038464629056963666 292.75
0.003527611030698778 0.004008792767348148 0.0014638541694709853 0.000339959772397498 0.0007173701024718495 0.003847209209116738 292.875
0.0035275830108488604 0.004005755010423505 0.0014982603594988946 0.0004386955196574183 0.000794503670098445 0.0038451818348383474 293.0
0.003524661652462609 0.003994032029411233 0.0015426106524640132 0.0005344264267697981 0.0008729811598459048 0.003836415294254218 293.125
0.0034886932760132315 0.0039561661878965764 0.001615864780054615 0.0006863265965781038 0.00099847178938977 0.003799184762375181 293.35
0.0034412469031401285 0.0039047203617930655 0.0017230178204212221 0.0009108727829578538 0.0011835954532536505 0.0037490823234249127 293.7
0.0033484409713284737 0.003796354489483728 0.0018182974797647064 0.0011395719580486077 0.0013674916740891525 0.0036459426438206393 294.05
0.0032648037694681343 0.0035765338597261095 0.0019019353694133033 0.001275175384500102 0.0014856450162491536 0.0034718527095609327 294.4
0.0030942583757138796 0.0034552441285687877 0.0019091488135302341 0.0013288250286637678 0.0015237008843936703 0.003334022952618745 294.75
0.0030856428542827877 0.0033286165879289325 0.0018770364780868617 0.001359970884161129 0.0015336049833062969 0.003247025225623421 295.1
0.0030648601785882934 0.003261901708710817 0.001892575868335568 0.0013693571476835616 0.0015450573559756345 0.0031957329029833866 295.45
0.003061732041514817 0.0032168932940026805 0.0019194228606078715 0.0013940045507295981 0.00157044277619883 0.003164789283674096 295.8
0.0030709438800233875 0.0031708372143678595 0.0019789806638264087 0.0014285773687568257 0.001613406352660828 0.0031372926607620352 296.15
0.00304940834769249 0.0031161807414665605 0.0020681839982308373 0.0014554881692768033 0.0016612349559636166 0.003093757200603729 296.5
0.002990480813265089 0.0030765298319783956 0.0021602328965441417 0.001474731431396346 0.001704926500970468 0.0030476344781769312 296.85
0.0028973501103162482 0.0030359913709782117 0.0022277608095150545 0.0014910712093041828 0.0017384561719909913 0.002989434907127084 297.2
0.0028119925294842287 0.002997264105489292 0.002270081078153114 0.0014896567393750625 0.0017517277743854735 0.002935048335614879 297.55
0.002725983740510504 0.0029968271380037023 0.0023034656520289887 0.0014823809998299573 0.0017581060502968563 0.0029058767164102835 297.9
0.0026287482103874247 0.0030202795465268557 0.0023177117605432326 0.0015014937032907798 0.001775584566608686 0.0028888006114276134 298.25
0.002547457900818213 0.0030238979570515324 0.002309452493818971 0.001538239220562022 0.00179721714778718 0.0028639069277817102 298.6
0.002491991035455621 0.003026376063169848 0.002305823123952212 0.0015718259138911895 0.0018183067017768873 0.0028469263342808214 298.95
0.0024104235240980138 0.0030448274450267055 0.0022936318232444136 0.001619485773235819 0.0018458680299879209 0.002831790841069345 299.3
0.0023626201490144607 0.00303548154068261 0.002268772368104666 0.0016753388928055063 0.0018746175765069796 0.0028095309533324397 299.65
0.0023093909153811655 0.0030316742991747456 0.002242357069708513 0.0017275866472734162 0.0019004498061713415 0.0027891270575707418 300.0
0.002278714231243824 0.003020628213336141 0.0022099871967851716 0.0017841384030138586 0.0019271412386423802 0.0027714893982249723 300.35
0.0022599603556489843 0.0030023561583694364 0.002185190064795705 0.0018381023586997059 0.0019546571292303107 0.002753055107627855 300.7
0.0022466503372816555 0.0029854703401055063 0.002168481136310804 0.001889255120939615 0.0019830211447230805 0.0027373693973801925 301.05
0.0022350697536897245 0.002971058287934853 0.0021570285617549907 0.001945638230457579 0.0020166244274289146 0.002723908805761413 301.4
0.002229146197074168 0.002943854893792503 0.002152112794961233 0.0020041009588857846 0.0020538042469379148 0.002703850870555175 301.75
0.0022215380860998394 0.0029137503044138523 0.0021557482408171434 0.002058534987954954 0.0020911797882058546 0.0026813012450029117 302.1
0.0022079813302874596 0.002880032375853808 0.0021613025402039423 0.0021106112582749926 0.0021276339928886327 0.0026543532127812955 302.45
0.0022049317843863417 0.0028418361161528156 0.0021811546107154806 0.0021558112181037444 0.0021643213833093676 0.0026279587184369025 302.8
0.002159285085338123 0.0028163409245429813 0.002199275115361472 0.0022021754258636553 0.0022012009160669098 0.002595697652013072 303.15
0.002119715527185696 0.002785165512979951 0.002190494143347625 0.002259823486601846 0.0022365417986717345 0.002561703079198102 303.5
0.0021020022848987044 0.002737163077911761 0.0021764789312966187 0.0023190252186537958 0.002271156993832989 0.002523872725949959 303.85
0.0020917261043640837 0.002677925135542447 0.002171793345240306 0.0023691530388515584 0.002302878661396771 0.002481076045060051 304.2
0.0020793785104718113 0.002614902238682149 0.0021780755575209953 0.0024051748750290747 0.0023289135758022667 0.002435069667096661 304.55
0.0020449819562240986 0.0025677573167378503 0.0021758828885322283 0.0024424509431802102 0.0023529356998585214 0.0023922059973135153 304.9
0.002029145298839876 0.0024989616438033497 0.002159019191479254 0.0024809756654759533 0.002372860135082185 0.0023411935355523448 305.25
0.002032692919037005 0.002427224312525846 0.0021541252864217555 0.0025053669491823956 0.0023874172136555544 0.002294738757122862 305.6
0.002021022610611755 0.0023568261496699156 0.0021584428897283153 0.002518056532991418 0.0023972953249735036 0.002244060723665819 305.95
0.0020125562456018886 0.002293475138945953 0.0021629332592516164 0.002523194623934957 0.0024022157965266234 0.0021991419186704656 306.3
0.001993397521121732 0.002235147432009136 0.0021620113571227052 0.0025274469178459807 0.002404731441267779 0.002153967196921902 306.65
0.0019971713397775198 0.002169144751579494 0.0021669323042300005 0.0025232247606501814 0.0024035799044354756 0.0021113954500746675 307.0
0.0019753778516089235 0.00211972116760256 0.0021766570062483515 0.0025126433503626006 0.0023998170765577474 0.0020712496899442613 307.35
0.001962760628597711 0.0020690038295782458 0.002177310346306322 0.002501877670042925 0.002392886243201998 0.0020333275359528885 307.7
0.0019550304966856756 0.002024858848414091 0.002182914759944745 0.0024866984572654385 0.002384686615882899 0.002001409665229465 308.05
0.0019410923566907988 0.00198882552753767 0.002192898303671391 0.0024729427178045737 0.002378902003211997 0.001972795856010225 308.4
0.001919764604255789 0.0019525869328173627 0.0021976656280177182 0.002460965028292171 0.0023725472706600716 0.0019415649633236856 308.75
0.0019055155480613836 0.0019201460989372993 0.0021968704916604646 0.0024501695675905517 0.0023651098093512685 0.0019152325390202497 309.1
0.0018992723015842162 0.0018844624529789817 0.0022016287521624536 0.002439741095333734 0.0023597806261015483 0.0018894356547210713 309.45
0.0018875054702418663 0.0018468095580241872 0.002216312280200602 0.002421706845003763 0.0023527336462885727 0.0018604763878560424 309.8
0.0018541031653642507 0.0018248972737140564 0.002220116750165737 0.0024034956090731906 0.0023419156130498687 0.0018347048586094205 310.15
0.001846244287738322 0.0017980152153968415 0.0022187784845179603 0.0023879428000350192 0.002331136097689879 0.001814211639652087 310.5
0.0018270512698974107 0.0017805272534087229 0.0022239155648138866 0.002374257912896706 0.0023237722234880163 0.001796150921590463 310.85
0.0018099737540941134 0.0017562062712401468 0.002225117072002753 0.002362862974000039 0.0023166073741452964 0.0017742619854536938 311.2
0.0017971412104739876 0.0017341546148344723 0.0022316333925747633 0.002345959575425535 0.0023075683377678925 0.0017553059017280522 311.55
0.0017634892041781187 0.0017257921233043815 0.0022277436899101936 0.00233603638277478 0.0022996708379543836 0.0017384508978894534 311.9
0.0017622695884352564 0.001699664463303046 0.0022208598732644715 0.0023282422910698365 0.0022921826658359053 0.0017206883190555328 312.25
0.0017504394899213278 0.0016804875329840322 0.0022288844027563886 0.00231109232020371 0.0022834863122685994 0.0017039773903548354 312.6
0.0017269763207918775 0.0016725474837231303 0.0022331808507690012 0.0022978126601677098 0.002276108686019697 0.0016908258050019667 312.95
0.001705018119784506 0.0016607279910374304 0.0022273980994347463 0.0022914698747728115 0.0022699544176052696 0.001675601131753648 313.3
0.0016972433746861551 0.001643756335857765 0.0022237444702310452 0.002284029743642611 0.002263785752253934 0.0016617178151629433 313.65
0.0016829959747668335 0.001628356481561576 0.002227961275576533 0.0022727136719186223 0.002257685820636992 0.001646704932976719 314.0
0.0016588255564010464 0.001618225983305943 0.0022267196777553647 0.0022613242573886806 0.0022497039872405485 0.001631859317398796 314.35
0.0016419867681500922 0.0016103411128867463 0.0022178659212404852 0.0022534459896796535 0.0022414977833965363 0.0016209677381697248 314.7
0.0016336558591937126 0.0016009998112210921 0.0022120613190527915 0.0022487325377317452 0.002236417895622911 0.0016119660962129662 315.05
0.0016233523913692209 0.0015882124986219214 0.002212879775155187 0.0022435038513350216 0.0022332198684645197 0.001600012695666736 315.4
0.0016044302337774562 0.001576944546500997 0.002213462050144425 0.0022360927415388207 0.002228492652442688 0.0015861745645377558 315.75
0.001579315632727766 0.001569949338678379 0.002199392424974287 0.0022314037675712174 0.0022206539653576935 0.0015730957186971053 316.1
0.0015868126291200572 0.00155678053814566 0.0021895576193842643 0.0022273428782630337 0.0022146547277770157 0.0015668660542565867 316.45
0.0015769952718503477 0.001546977385348884 0.0021942075498399055 0.0022212318327142536 0.0022121574089390464 0.0015570579938668947 316.8
0.0015605036628850272 0.0015382778623444803 0.002192532166769722 0.002216747424301763 0.0022086161290111846 0.0015457412807418419 317.15
0.0015500444582123066 0.0015290693309363088 0.0021854613763337524 0.002214793249449147 0.002204943520508687 0.0015361130272562604 317.5
0.001550815491701527 0.0015128521429772861 0.0021897140603506474 0.0022083991969303165 0.00220212472152177 0.0015256005574283992 317.85
0.0015216596935166266 0.0015099731487327778 0.0021897396550101633 0.0022025309782924296 0.0021982355637070483 0.001513897629713622 318.2
0.0015152462943870584 0.0014992744024671148 0.002179917006922507 0.002201549020311487 0.002194284988903669 0.001504638255817565 318.55
0.0015072918794462136 0.001488049425694 0.0021794778059599485 0.0021981654934539927 0.0021918900904766316 0.0014945110289208735 318.9
0.001487640843678151 0.001477881259872187 0.0021734756280797863 0.0021939702037352808 0.002187087849402289 0.0014811590447766866 319.25
0.0014847073391347266 0.001468576810730669 0.0021653577890264233 0.0021906619889260045 0.0021821650795869783 0.0014739942999689093 319.6
0.0014757262882524446 0.0014549454248133844 0.0021639013264831137 0.002185496089650587 0.0021782450473881347 0.0014619236779218221 320.0
0.0014284986607632953 0.0014198322184461652 0.0021459777467333473 0.0021669531381593252 0.002159909467711312 0.0014227422415780625 321.5
0.0014013002676722382 0.0013881168594712515 0.0021245478478910482 0.002156081117511245 0.002145491835915352 0.0013925441220097262 323.0
0.001377114433745539 0.0013521911599148053 0.0021123266556345565 0.002150940723340286 0.002137974135625986 0.0013605612010834866 324.5
0.0013522169283022524 0.0013067665499540868 0.0021063157737513083 0.002141581320881449 0.0021297392476356362 0.0013220288303619765 326.0
0.0013217688611996492 0.0012684871770637604 0.002100320320675002 0.0021277026688747923 0.0021185076683867335 0.0012863797699499682 327.5
0.0012990132942144077 0.001228070859575856 0.00209822601796607 0.0021126978849231783 0.0021078385475040064 0.0012518937746037395 329.0
0.0012639308566641085 0.0011906594247965033 0.002099391094398519 0.0020938386948323893 0.0020957034014546056 0.001215264065735895 330.5
0.0012274970310553713 0.001158842571976628 0.0020954063487922912 0.0020758527216926917 0.0020824189352178757 0.0011818971242104667 332.0
0.0011942171357297708 0.001123085195041189 0.0020929904816528303 0.002057007032710472 0.0020690905462922423 0.0011469717182106046 333.5
0.0011493943490880826 0.001091649477836687 0.002089909872010124 0.002034274301386144 0.002052957153855666 0.0011110405551959367 335.0
0.0010988580970882201 0.0010651051227595833 0.002075188080560589 0.0020123490414009067 0.002033450836497806 0.001076439493553668 336.5
0.0010556712707342807 0.001037284300352503 0.002051087660393505 0.0019907616638657954 0.002011019586291682 0.0010434587737579357 338.0
0.0010133163785146812 0.001010427319622139 0.0020186597997803334 0.0019660076858421614 0.0019836885538193857 0.0010113972782396635 339.5
0.0009782950728283084 0.000984022468537309 0.0019764002757560024 0.0019363495063089448 0.001949798799431056 0.0009820995804860273 341.0
