beta_para	beta_perp	delta_para	delta_perp	delta	beta	energy
0.0004023448	0.0004023448	0.0015987632000000003	0.0016576936000000002	0.0018504912	0.0004681368	260.0
0.00040128639999999997	0.00040128639999999997	0.0015903128	0.0016498416	0.0018412760000000002	0.00046690480000000003	260.3
0.00040023120000000004	0.00040023120000000004	0.0015818352000000003	0.0016419544000000003	0.0018320192	0.0004656776	260.6
0.00039918080000000007	0.00039918080000000007	0.0015732904	0.0016340416000000001	0.0018227184000000002	0.00046445519999999997	260.9
0.00039813360000000005	0.00039813360000000005	0.0015647192	0.0016260896	0.0018133728000000002	0.00046323600000000006	261.2
0.0003970896	0.0003970896	0.0015560712	0.0016181112000000003	0.0018039792	0.0004620224	261.5
0.00039604960000000003	0.00039604960000000003	0.0015473976	0.0016100880000000002	0.0017945368	0.00046081200000000006	261.8
0.00039501360000000004	0.00039501360000000004	0.0015386376	0.0016020368	0.0017850432000000001	0.00045960719999999997	262.1
0.0003939816	0.0003939816	0.0015298528000000002	0.0015939368	0.001775496	0.00045840560000000004	262.4
0.0003929528	0.0003929528	0.0015209712000000002	0.0015858072000000001	0.0017658936000000001	0.0004572088	262.7
0.000391928	0.000391928	0.0015120664000000002	0.0015776232000000003	0.0017562336000000003	0.000456016	263.0
0.00039090640000000003	0.00039090640000000003	0.0015030528	0.0015694087999999998	0.0017465128	0.000454828	263.3
0.0003898888	0.0003898888	0.0014940152	0.0015611336000000001	0.0017367296000000002	0.0004536432	263.6
0.0003888752	0.0003888752	0.0014848608	0.0015528224	0.0017268784	0.000452464	263.9
0.0003878712	0.0003878712	0.0014756744	0.0015444496	0.00171696	0.000451296	264.2
0.000386872	0.000386872	0.0014663768000000002	0.0015360416000000001	0.001706976	0.0004501336	264.5
0.0003858768	0.0003858768	0.0014570376	0.0015275712000000002	0.0016969232000000002	0.00044897519999999996	264.8
0.00038488400000000005	0.00038488400000000005	0.001447584	0.0015190592	0.0016867960000000002	0.00044782080000000003	265.1
0.00038389600000000005	0.00038389600000000005	0.0014380768000000002	0.00151048	0.0016765928	0.00044667040000000006	265.4
0.0003829112	0.0003829112	0.0014284520000000002	0.0015018528	0.0016663088	0.00044552480000000004	265.7
0.0003819296	0.0003819296	0.0014187616000000001	0.001493156	0.0016559416000000002	0.00044438240000000003	266.0
0.00038095120000000005	0.00038095120000000005	0.0014089512000000002	0.0014844048000000002	0.0016454880000000003	0.00044324480000000003	266.3
0.000379976	0.000379976	0.0013990616000000003	0.00147558	0.0016349448	0.00044211040000000004	266.6
0.0003790048	0.0003790048	0.0013890488	0.0014666936	0.0016243064000000002	0.00044098000000000005	266.9
0.0003780376	0.0003780376	0.0013789424	0.0014577312000000002	0.0016135712000000001	0.0004398544	267.2
0.00037707280000000005	0.00037707280000000005	0.0013687088	0.0014486992000000002	0.0016027328000000002	0.00043873200000000005	267.5
0.00037611200000000006	0.00037611200000000006	0.0013583664	0.0014395864	0.001591788	0.00043761360000000004	267.8
0.0003751536	0.0003751536	0.0013440000000000001	0.0014303936	0.0015807304000000002	0.0004364992	268.1
0.000374204	0.000374204	0.0013360000000000002	0.001421116	0.0015695560000000002	0.00043539440000000005	268.4
0.00037326080000000004	0.00037326080000000004	0.001326552	0.0014117552	0.0015582648	0.00043429600000000003	268.7
0.00037232	0.00037232	0.0013156744	0.0014023080000000001	0.001546852	0.00043320240000000007	269.0
0.00037138240000000004	0.00037138240000000004	0.0013046560000000002	0.0013927672000000001	0.0015353104	0.00043211120000000007	269.3
0.00037044880000000006	0.00037044880000000006	0.0012934752000000002	0.0013831328	0.0015236344000000002	0.0004310248	269.6
0.0003695184	0.0003695184	0.0012821448	0.0013733944000000001	0.0015118176000000001	0.0004299416000000001	269.9
0.0003685904	0.0003685904	0.0012706296	0.0013635568000000002	0.0014998536	0.0004288632	270.2
0.00036766640000000003	0.00036766640000000003	0.0012589576	0.0013536048	0.001487736	0.00042778800000000007	270.5
0.0003667456	0.0003667456	0.001247076	0.0013435472000000001	0.0014754584	0.000426716	270.8
0.00036582720000000006	0.00036582720000000006	0.0012350272000000002	0.0013333624000000002	0.0014630136000000002	0.00042564800000000004	271.1
0.00036491280000000006	0.00036491280000000006	0.0012227432000000002	0.0013230664	0.0014503944	0.000424584	271.4
0.0003640008	0.0003640008	0.0012102824000000002	0.0013126320000000002	0.0014375944	0.00042352320000000004	271.7
0.00036309280000000003	0.00036309280000000003	0.0011975576000000001	0.0013020832	0.0014246072000000001	0.00042246560000000006	272.0
0.0003621872	0.0003621872	0.0011846536000000001	0.0012913912	0.0014114328	0.000421412	272.3
0.00036126880000000004	0.00036126880000000004	0.0011714728	0.0012805976	0.0013980808000000002	0.000420344	272.6
0.0003602736	0.0003602736	0.0011580672	0.001269616	0.0013844928	0.0004191864	272.9
0.0003592824	0.0003592824	0.0011442696	0.0012584488	0.0013706072	0.0004180328	273.2
0.0003582944	0.0003582944	0.0011302176000000002	0.0012470648000000003	0.0013564488	0.0004168832	273.5
0.00035730960000000003	0.00035730960000000003	0.0011157552	0.0012355112	0.0013420064	0.0004157376	273.8
0.0003563288	0.0003563288	0.0011010152000000002	0.0012237256000000001	0.0013272688	0.0004145952	274.1
0.0003553504	0.0003553504	0.0010858232000000002	0.001211756	0.0013122208	0.00041345840000000004	274.4
0.00035437680000000005	0.00035437680000000005	0.0010703064	0.0011995368	0.0012968456	0.00041232480000000005	274.7
0.0003534056	0.0003534056	0.0010542960000000001	0.0011871120000000001	0.0012811256000000001	0.00041119520000000006	275.0
0.00035243840000000003	0.00035243840000000003	0.0010379008	0.0011744168	0.00126504	0.00041006960000000004	275.3
0.00035147440000000003	0.00035147440000000003	0.0010209584000000001	0.0011614888	0.0012485664000000001	0.00040894720000000007	275.6
0.0003505136	0.0003505136	0.0010035600000000001	0.0011482672	0.0012316824000000001	0.00040782960000000006	275.9
0.000349556	0.000349556	0.0009855496	0.0011347824	0.0012143616	0.00040671600000000005	276.2
0.0003486024	0.0003486024	0.0009669992000000001	0.0011209784	0.0011965776	0.0004056056	276.5
0.00034765120000000005	0.00034765120000000005	0.0009477736	0.0011068904	0.0011783160000000002	0.0004045	276.8
0.00034665600000000004	0.0003466608	0.000928	0.0010924544	0.0011595352	0.00040334560000000004	277.1
0.0003456104	0.0003456272	0.000904	0.0010776408	0.0011401384	0.00040213840000000005	277.4
0.0003445704	0.0003445968	0.0008880000000000001	0.0010623864000000002	0.0011200672	0.0004009352	277.7
0.000343532	0.00034357120000000005	0.0008640000000000001	0.001046704	0.0010992928	0.00039973680000000004	278.0
0.00034249920000000003	0.00034254800000000003	0.0008396408	0.0010305448	0.0010777592	0.0003985424000000001	278.3
0.0003414688	0.0003415288	0.0008149912000000001	0.0010138928	0.0010554016	0.00039735279999999996	278.6
0.0003404416	0.0003405136	0.0007891096000000001	0.0009966976000000002	0.0010321432	0.00039616720000000007	278.9
0.0003394192	0.0003395016	0.000761844	0.0009789176000000001	0.0010078952	0.00039498479999999997	279.2
0.00033840080000000004	0.000338492	0.0007330352	0.0009604912	0.0009825488	0.0003938072	279.5
0.0003373832	0.0003374888	0.0007025288000000001	0.0009413112	0.0009559672	0.0003926344	279.8
0.00033637200000000004	0.0003364864	0.0006702912	0.0009208672	0.0009277199999999999	0.0003914648	280.1
0.00033412080000000004	0.0003379592	0.0006350832	0.0009012752000000001	0.0008989016000000001	0.00039173360000000005	280.4
0.0003334936	0.0003350456	0.0005964776	0.000881288	0.0008686456000000001	0.00038923040000000004	280.7
0.00033373040000000005	0.00033319040000000005	0.0005561624	0.0008582464	0.0008352063999999999	0.0003878832	281.0
0.0003311496	0.0003330272	0.0005112328000000001	0.0008348824	0.0007998048000000002	0.00038675600000000004	281.3
0.00033185200000000005	0.0003307488	0.00046026000000000004	0.0008103992000000001	0.0007611912000000001	0.0003852608	281.6
0.000337228	0.00032914800000000003	0.00040894160000000006	0.0007828247999999999	0.0007198864	0.0003861048	281.9
0.00033148320000000005	0.000331664	0.0003507672	0.0007558360000000001	0.0006765720000000001	0.000385828	282.2
0.0003324448	0.0003291072	0.0002799328	0.0007287736	0.0006282232	0.00038421760000000005	282.5
0.0003346592	0.0003267208	0.0002009464	0.0006976208000000001	0.0005735296	0.00038322560000000005	282.8
0.00033385040000000004	0.0003261736	0.00013965600000000002	0.0006761464	0.0005332136	0.0003824872	283.0
0.000333856	0.0003260728	0.0001354768	0.0006750584	0.0005307168	0.00038241120000000005	283.012
0.000333884	0.0003259424	0.0001309008	0.0006738056000000001	0.0005280031999999999	0.0003823208	283.025
0.00033424080000000003	0.0003256296	0.0001262456	0.0006727328	0.000525332	0.0003822168	283.038
0.00033476800000000004	0.0003250328	0.0001221336	0.0006715608	0.0005228936000000001	0.00038195840000000003	283.05
0.000335356	0.0003241712	0.00011802	0.0006699776000000001	0.0005200864	0.00038151760000000004	283.063
0.000335756	0.0003234088	0.0001144048	0.0006681536000000001	0.0005172672	0.0003810816	283.075
0.00033585920000000005	0.0003229048	0.000111028	0.0006659192000000001	0.0005142144000000001	0.00038073120000000005	283.087
0.0003354152	0.0003229288	0.00010791360000000001	0.0006630864	0.0005107392	0.00038057680000000004	283.1
0.0003326576	0.0003246728	0.0001031592	0.0006607560000000001	0.000507156	0.00038086	283.113
0.0003325512	0.0003257816	9.74728e-05	0.0006602368000000001	0.0005045584	0.0003816792	283.125
0.00033071760000000005	0.0003265704	9.163920000000001e-05	0.0006599672000000001	0.0005021304	0.00038158	283.137
0.0003347096	0.0003244976	8.614400000000001e-05	0.000659136	0.0004992048	0.00038152	283.15
0.00033515840000000003	0.00032450880000000005	8.26072e-05	0.0006572744	0.0004965744000000001	0.0003817032	283.163
0.0003322056	0.000324532	7.848000000000001e-05	0.0006556336000000001	0.000493724	0.00038057600000000004	283.175
0.00033122880000000004	0.0003250824	7.152e-05	0.0006545304000000001	0.0004900232	0.000380624	283.188
0.0003336664	0.00032400960000000004	6.6e-05	0.0006530456	0.00048676960000000006	0.00038073680000000006	283.2
0.0003337256	0.0003245952	6.192e-05	0.0006511392000000001	0.00048370560000000006	0.00038121440000000003	283.212
0.00033276400000000004	0.00032543200000000006	5.552000000000001e-05	0.0006504976000000001	0.0004806904	0.00038149040000000004	283.225
0.0003357152	0.00032428560000000004	4.984e-05	0.0006496072	0.00047790000000000007	0.0003817456	283.238
0.00033283200000000003	0.00032524	4.392e-05	0.0006490488	0.00047517200000000005	0.000381368	283.25
0.00033678	0.0003231592	3.8e-05	0.0006482456000000001	0.0004722336	0.0003812848	283.262
0.0003406344	0.0003206784	3.296e-05	0.0006463512	0.00046886080000000004	0.000380856	283.275
0.00034120320000000006	0.0003203208	2.9999999999999997e-05	0.0006431656	0.00046516400000000006	0.00038079920000000004	283.288
0.0003438328	0.00031972	2.872e-05	0.0006398560000000001	0.0004620936	0.0003813528	283.3
0.0003355952	0.0003233544	2.44e-05	0.0006377752000000001	0.000458748	0.0003809768	283.313
0.0003391272	0.00032215280000000003	1.312e-05	0.0006390424	0.0004555976	0.00038141520000000003	283.325
0.00034307360000000004	0.0003196712	1.04e-05	0.0006363824	0.000452332	0.0003810208	283.337
0.0003408144	0.0003218168	5.128e-06	0.0006344064	0.00044862160000000006	0.00038180800000000003	283.35
0.00034564000000000003	0.00031985360000000003	1.184e-06	0.0006323184	0.00044568560000000007	0.00038215680000000003	283.363
0.0003456568	0.0003197264	-9.84e-07	0.0006297736	0.00044276080000000005	0.0003820648	283.375
0.00034280240000000004	0.0003214	-4.76e-06	0.0006276992000000001	0.0004398504	0.00038225680000000004	283.387
0.00034084800000000004	0.0003221224	-7.976e-06	0.0006260744	0.00043701440000000003	0.00038205840000000003	283.4
0.00033588	0.00032282560000000004	-1.72e-05	0.0006253176	0.0004331224	0.00038067760000000004	283.413
0.0003365808	0.0003236224	-2.5759999999999997e-05	0.0006249616	0.0004296064	0.00038156720000000004	283.425
0.00033963280000000003	0.000320648	-3.448e-05	0.0006245136	0.0004257568	0.0003804432	283.438
0.000343924	0.00031985520000000003	-3.7840000000000004e-05	0.0006215248	0.0004219248	0.00038149280000000004	283.45
0.0003431384	0.0003204672	-4.216e-05	0.0006195736000000001	0.0004191312	0.00038166320000000004	283.462
0.00033797760000000004	0.0003218904	-4.944e-05	0.0006186288	0.0004155656	0.0003807656	283.475
0.0003469152	0.0003170648	-5.4640000000000005e-05	0.0006154328	0.00041096	0.00038048880000000006	283.488
0.0003413336	0.0003214496	-5.7520000000000005e-05	0.0006123584	0.0004074064	0.0003817248	283.5
0.0003376504	0.00032285920000000006	-6.624e-05	0.0006129968	0.0004045432	0.00038138960000000003	283.512
0.00033946720000000005	0.0003207624	-7.72e-05	0.0006128712	0.0004001192	0.000380468	283.525
0.00034536720000000003	0.0003191312	-8.392080000000001e-05	0.0006105736	0.000395844	0.00038149120000000004	283.538
0.00034257680000000004	0.0003204832	-8.9868e-05	0.0006091896000000001	0.00039242560000000005	0.0003814576	283.55
0.00034969440000000003	0.00031701120000000003	-9.55712e-05	0.000606884	0.0003886184	0.0003815256	283.563
0.000347848	0.00031669120000000004	-0.00010014799999999999	0.0006036816000000001	0.00038428400000000004	0.0003805608	283.575
0.00034777440000000005	0.0003188248	-0.00010534400000000001	0.0006010352	0.00037992960000000003	0.00038218720000000005	283.587
0.00034715520000000005	0.00031966000000000004	-0.00011230960000000001	0.0006001280000000001	0.00037671520000000003	0.0003825944	283.6
0.0003484176	0.0003181992	-0.00012046640000000001	0.0005992592000000001	0.00037282320000000006	0.0003819512	283.613
0.00034990720000000006	0.0003173184	-0.0001253984	0.0005960856	0.0003684912	0.0003818456	283.625
0.00034951040000000006	0.00031864	-0.0001312584	0.0005940168	0.0003646224	0.0003827176	283.637
0.00034906160000000005	0.0003185648	-0.0001380128	0.0005922712000000001	0.0003607672	0.00038248480000000005	283.65
0.00034602320000000006	0.00031978240000000004	-0.0001468296	0.0005910688	0.00035644400000000003	0.0003822504	283.663
0.00035083200000000003	0.0003170056	-0.00015448720000000001	0.0005893072	0.00035198400000000006	0.00038196240000000004	283.675
0.0003503456	0.000318168	-0.00016032320000000002	0.0005863312	0.0003474256	0.00038267520000000003	283.688
0.0003483072	0.0003187136	-0.000170024	0.0005858656000000001	0.0003432848	0.0003823072	283.7
0.00035269360000000005	0.0003167104	-0.00017575200000000002	0.000582612	0.0003386448	0.00038245440000000004	283.712
0.00034801600000000004	0.00031965520000000003	-0.0001851272	0.0005811288	0.00033376	0.00038292480000000004	283.725
0.0003542656	0.0003169472	-0.0001938776	0.0005791544	0.0003288896	0.00038324880000000004	283.738
0.0003574136	0.00031621040000000007	-0.00019941040000000002	0.0005762232	0.00032440160000000003	0.00038389840000000006	283.75
0.0003507544	0.0003202104	-0.00020563920000000004	0.0005737352000000001	0.00032008000000000004	0.0003844176	283.762
0.00035353680000000005	0.00031971040000000004	-0.000215412	0.0005727856	0.00031554080000000006	0.0003851088	283.775
0.0003519488	0.0003210632	-0.000225876	0.0005725536	0.0003113944	0.00038554240000000003	283.788
0.00035785840000000004	0.00031753360000000004	-0.00023308640000000003	0.0005706216	0.00030712560000000004	0.00038509600000000003	283.8
0.0003547104	0.00031945920000000003	-0.00023812880000000002	0.0005668928	0.00030228080000000004	0.00038536880000000003	283.813
0.0003512888	0.00032062160000000003	-0.0002489896	0.0005666304	0.0002979272	0.000384944	283.825
0.00035182640000000004	0.00031956160000000004	-0.0002610496	0.0005659816	0.0002926696	0.00038433040000000003	283.837
0.0003537704	0.0003191296	-0.00027282	0.0005645256000000001	0.00028682880000000004	0.0003847496	283.85
0.00036113120000000006	0.0003157104	-0.0002819728	0.0005616952	0.000281356	0.0003849512	283.863
0.00035869760000000004	0.00031670320000000006	-0.0002892488	0.0005582440000000001	0.0002757592	0.0003847776	283.875
0.000357844	0.00031854480000000003	-0.0002978176	0.0005554096	0.0002701536	0.0003858752	283.887
0.0003556216	0.0003200096	-0.000311764	0.0005549384000000001	0.00026435120000000003	0.0003861496	283.9
0.0003587344	0.00031990640000000004	-0.00032574800000000005	0.0005540328	0.0002584312	0.00038727680000000004	283.913
0.000358852	0.0003205048	-0.0003399744	0.0005548088	0.0002533408	0.0003877872	283.925
0.00037672320000000005	0.00031195760000000006	-0.0003496952	0.0005516968	0.0002472632	0.00038808800000000003	283.938
0.00037230560000000006	0.00031562720000000003	-0.0003541096	0.000547036	0.0002417192	0.0003892216	283.95
0.0003693912	0.00031759280000000006	-0.000363536	0.0005447336	0.0002366464	0.0003896152	283.962
0.0003684544	0.00031770400000000003	-0.0003804216	0.000544868	0.00023010320000000002	0.00038933840000000006	283.975
0.00038146640000000004	0.0003131616	-0.0003911784	0.000542068	0.0002236144	0.00039086160000000004	283.988
0.00037921280000000003	0.0003140624	-0.00039825440000000004	0.0005375184	0.00021751280000000003	0.00039068640000000003	284.0
0.0003791016	0.000316264	-0.00041127280000000007	0.0005359784	0.0002113328	0.00039235040000000005	284.012
0.0003834344	0.00031420160000000005	-0.0004240976	0.0005340968	0.0002048632	0.0003924312	284.025
0.0003843152	0.00031456400000000003	-0.0004366368	0.0005307728	0.00019718560000000002	0.0003930544	284.038
0.00038890400000000003	0.0003149232	-0.0004486544000000001	0.0005283728	0.00019071120000000002	0.00039511280000000004	284.05
0.00038819200000000004	0.0003161032	-0.00046216800000000005	0.0005262656	0.000184072	0.00039575200000000003	284.063
0.0003948552	0.0003139872	-0.00047411520000000006	0.0005237728	0.00017727200000000002	0.00039669440000000004	284.075
0.00039247520000000005	0.0003166848	-0.0004858952	0.000521208	0.00017090720000000002	0.00039786400000000005	284.087
0.00039419520000000003	0.0003159664	-0.0005079272	0.0005226584000000001	0.0001633216	0.0003979736	284.1
0.00040917600000000003	0.000309628	-0.0005202432	0.000517412	0.0001545728	0.0003988672000000001	284.113
0.00040581680000000003	0.00031360160000000004	-0.00052828	0.0005115536000000001	0.0001471272	0.0004006464000000001	284.125
0.00040679280000000006	0.00031338960000000006	-0.0005434600000000001	0.0005085912	0.0001388568	0.00040086080000000006	284.137
0.00041007200000000004	0.0003158392	-0.0005608184000000001	0.0005057208	0.0001296712	0.0004040328	284.15
0.00040943840000000006	0.00031735520000000003	-0.0005796488	0.0005032112	0.00012077600000000001	0.0004049632	284.163
0.0004168368000000001	0.00031725840000000003	-0.0005983184000000001	0.0005014728	0.0001115144	0.00040775680000000006	284.175
0.0004215816	0.000318772	-0.0006154200000000001	0.0004988032	0.0001032	0.000410772	284.188
0.00042140959999999996	0.00031906800000000004	-0.0006378432	0.0004981832000000001	9.44e-05	0.00041093440000000003	284.2
0.00043516720000000004	0.0003166184	-0.0006595312	0.0004950016	8.32e-05	0.0004143704	284.212
0.000442428	0.000317464	-0.000676164	0.0004894824	7.224e-05	0.0004178424	284.225
0.00044610479999999996	0.0003229424	-0.0006986008	0.00048716000000000005	6.192e-05	0.00042351760000000003	284.238
0.00045436080000000006	0.00032280320000000005	-0.0007207176	0.000485704	5.2879999999999995e-05	0.0004266112	284.25
0.00046436480000000004	0.000321944	-0.0007436488	0.0004835144000000001	4.16e-05	0.00042982480000000004	284.262
0.00047531120000000003	0.00032569840000000005	-0.0007695024000000001	0.0004808	2.9440000000000003e-05	0.0004369832	284.275
0.0004904648000000001	0.0003257832	-0.0007934928000000001	0.00047840000000000003	1.84e-05	0.00044292560000000003	284.288
0.000499248	0.0003293432	-0.0008216736000000001	0.0004772184	6.8479999999999995e-06	0.0004490936	284.3
0.0005244928	0.0003287488	-0.0008505912	0.00047693040000000006	-4.872e-06	0.00045842400000000003	284.313
0.0005390168	0.0003310952	-0.000874436	0.00047507360000000005	-1.56e-05	0.0004658768	284.325
0.0005624808	0.0003331008	-0.000901504	0.00047548800000000004	-2.6e-05	0.000476532	284.337
0.0005993096	0.00032774080000000003	-0.0009247928000000001	0.0004734688	-3.6e-05	0.00048665840000000003	284.35
0.0006229456000000001	0.0003306792	-0.0009442264000000001	0.00046982400000000003	-4.712e-05	0.0004981048	284.363
0.0006465944	0.0003362656	-0.0009660352000000001	0.00046954	-5.592000000000001e-05	0.0005116096	284.375
0.0006790056000000001	0.00033704960000000006	-0.0009895487999999999	0.0004728104000000001	-6.208e-05	0.0005247888	284.387
0.0007249576	0.00033096240000000005	-0.0010087240000000001	0.0004752488	-6.768e-05	0.0005378888	284.4
0.0007650648	0.0003271128	-0.0010131496	0.00046947680000000003	-7.376000000000001e-05	0.0005504584	284.413
0.0007930592000000001	0.000330616	-0.0010228704	0.00046822720000000006	-7.952000000000001e-05	0.0005640328000000001	284.425
0.0008485048000000001	0.0003254496	-0.0010255184000000001	0.00046709919999999997	-8.00552e-05	0.0005815296	284.438
0.00087552	0.0003229408	-0.001019928	0.0004639504	-8.03704e-05	0.0005900608000000001	284.45
0.00091218	0.00032113840000000003	-0.0010103528	0.0004592544	-8.110720000000001e-05	0.0006028808	284.462
0.0009372456	0.0003203128	-0.0009992984	0.0004539448	-7.992000000000001e-05	0.0006119616	284.475
0.00095442	0.00032237520000000003	-0.0009902824	0.0004489944	-8.073680000000001e-05	0.0006202224	284.488
0.0009735400000000001	0.0003235056	-0.0009890928	0.00044628080000000007	-8.22792e-05	0.0006285144000000001	284.5
0.0009965216000000002	0.0003237976	-0.0009836376	0.00044324079999999997	-8.270960000000001e-05	0.0006376544	284.512
0.0010134744	0.000325648	-0.0009775784	0.0004407152	-8.205840000000001e-05	0.0006456648000000001	284.525
0.001035432	0.0003229128	-0.0009713176000000001	0.000437504	-8.190400000000001e-05	0.0006520592	284.538
0.0010483128	0.0003226864	-0.0009646488000000001	0.00043248160000000006	-8.3028e-05	0.00065688	284.55
0.0010587768	0.00032445120000000003	-0.0009599392	0.00042679520000000006	-8.62064e-05	0.0006623072000000001	284.563
0.0010702328	0.00032828480000000003	-0.0009585336	0.00042304720000000003	-8.8632e-05	0.000669724	284.575
0.0010813752	0.00032957600000000004	-0.0009548176	0.00041945919999999997	-8.97192e-05	0.0006750464	284.587
0.0010843016000000002	0.0003329544	-0.0009577264	0.0004158648	-9.367200000000001e-05	0.0006788016	284.6
0.0010973176	0.0003357232	-0.0009665528	0.00041261440000000003	-9.97024e-05	0.0006859984000000001	284.613
0.0011092016	0.00034012	-0.0009705912000000001	0.00041025999999999996	-0.00010290640000000002	0.0006940176000000001	284.625
0.0011162952	0.0003429816	-0.0009778544000000001	0.0004087184	-0.00010645120000000002	0.0006989888	284.637
0.0011249752000000001	0.0003474816	-0.0009907592	0.0004081064	-0.0001125248	0.0007058448	284.65
0.0011366744	0.00035214560000000004	-0.0010098824	0.0004092808	-0.000118692	0.0007140008000000001	284.663
0.001155184	0.0003524472	-0.0010313832000000002	0.0004113568	-0.0001257184	0.0007214136000000001	284.675
0.0011934136000000001	0.00034989760000000004	-0.0010499	0.00041135920000000004	-0.0001331448	0.0007342624	284.688
0.0012230976	0.0003503288	-0.0010517815999999999	0.0004076064	-0.0001366784	0.0007461096000000001	284.7
0.001237012	0.00035602640000000004	-0.00106226	0.0004079296	-0.0001401112	0.0007559264	284.712
0.0012767912	0.00035059200000000005	-0.0010743880000000001	0.0004068952	-0.0001458336	0.0007671384	284.725
0.0012990648000000002	0.00035852480000000004	-0.001085304	0.00040560320000000005	-0.0001518896	0.0007819303999999999	284.738
0.001328788	0.00036471120000000005	-0.0010987224	0.00040933360000000005	-0.0001542856	0.0007982568000000001	284.75
0.0013815592000000002	0.00035745920000000004	-0.0011079856000000001	0.0004141008	-0.0001535064	0.0008130984000000001	284.762
0.0014220048000000002	0.0003557328	-0.0011042368	0.000414068	-0.00015191680000000002	0.0008274456	284.775
0.0014661376000000002	0.0003519088	-0.0011018752	0.0004157496	-0.0001498992	0.000841596	284.788
0.0015037264	0.0003496088	-0.0010905464	0.0004130592	-0.00014744560000000002	0.0008543904	284.8
0.001548948	0.000345876	-0.0010832872000000001	0.0004163648	-0.00014191519999999999	0.0008690336000000001	284.813
0.0015999992000000002	0.00033200080000000005	-0.0010536608	0.0004091096	-0.00013625359999999999	0.0008780704	284.825
0.0016140656	0.0003374384	-0.0010266048	0.0004024336	-0.00013053120000000001	0.0008877440000000001	284.837
0.0016308607999999999	0.0003370056	-0.0010026856000000001	0.00039622720000000004	-0.000125648	0.0008939224000000001	284.85
0.0016503848000000002	0.0003381464	-0.0009883128	0.00039398640000000006	-0.00012317840000000002	0.0009023792	284.863
0.0016560432000000001	0.0003470328	-0.0009844352000000002	0.000397448	-0.00011803680000000001	0.0009114664	284.875
0.0017066088000000001	0.0003270296	-0.0009712271999999999	0.00039714160000000004	-0.000113528	0.0009155624	284.887
0.0017192200000000003	0.0003284288	-0.0009333760000000001	0.0003802472	-0.00011152800000000001	0.0009215384000000001	284.9
0.0017255992000000003	0.00033478560000000003	-0.0009204528	0.0003783272	-0.0001082912	0.0009289432000000001	284.913
0.0017388328000000003	0.0003336568	-0.0009064176000000001	0.00037484400000000005	-0.00010517440000000001	0.0009332008	284.925
0.0017597248000000001	0.00032891280000000005	-0.0008899456	0.0003689936	-0.0001035832	0.0009376232	284.938
0.0017483616000000001	0.000340364	-0.0008792648000000001	0.00036475040000000003	-0.00010264320000000001	0.0009420992	284.95
0.0017683952	0.00033509680000000006	-0.0008714584	0.0003609408	-0.000102436	0.0009457824000000001	284.962
0.0017739064	0.0003378488	-0.000862136	0.0003548304	-0.0001037016	0.0009500552000000001	284.975
0.0017676648	0.00034727200000000003	-0.0008629176000000001	0.000352144	-0.000106124	0.000954944	284.988
0.0017839344000000002	0.00034570080000000006	-0.0008745480000000001	0.0003536408	-0.00010948880000000001	0.0009600352	285.0
0.0017990208000000002	0.00034664320000000006	-0.0008746344	0.0003486688	-0.0001133224	0.0009666176000000001	285.012
0.0018160672	0.0003473176	-0.0008782904	0.0003441792	-0.00011786080000000002	0.0009737512000000001	285.025
0.0018140136000000002	0.00035843120000000005	-0.0008884688000000001	0.0003409256	-0.0001246816	0.0009815752	285.038
0.0018385888	0.000360496	-0.0009073112	0.00034178640000000004	-0.0001318104	0.0009927088000000002	285.05
0.0018587056000000002	0.0003677784	-0.0009304184	0.00034475600000000004	-0.00013829520000000002	0.0010061592	285.063
0.0019038712	0.00036302880000000005	-0.0009450688000000001	0.00034468	-0.0001440904	0.0010199928	285.075
0.0019256176000000001	0.0003715144	-0.0009612016	0.0003434112	-0.00015117600000000002	0.0010350088	285.087
0.001978604	0.00037545920000000004	-0.0009964136	0.0003538656	-0.0001564432	0.0010586184	285.1
0.002058972	0.0003634824	-0.0009970424	0.0003537864	-0.0001577184	0.0010804984	285.113
0.0020950848000000004	0.0003749544	-0.0009955232	0.00035239360000000004	-0.00015698800000000002	0.0011034032	285.125
0.0021434600000000002	0.0003775496	-0.0010063600000000002	0.00036018880000000006	-0.0001564184	0.0011241784	285.137
0.0022269472	0.00037724400000000005	-0.0010175136	0.00037328240000000004	-0.00015148320000000001	0.0011563208	285.15
0.0023311248000000002	0.0003585624	-0.0010050032	0.000380568	-0.00013934480000000001	0.0011822336	285.163
0.0024257488000000004	0.00034224160000000006	-0.0009682079999999999	0.00037932320000000005	-0.0001265824	0.0012062728	285.175
0.0024986720000000004	0.0003355736	-0.0009119184000000001	0.00037008000000000006	-0.00011126160000000002	0.0012293832	285.188
0.0025635688000000003	0.000332852	-0.0008608912	0.0003657296	-9.54392e-05	0.0012524424	285.2
0.0026163976	0.00033440240000000006	-0.0008105312	0.0003655968	-7.608e-05	0.0012741336000000002	285.212
0.002696744	0.000322808	-0.0007502176000000001	0.00036764720000000004	-5.144000000000001e-05	0.0012963016000000001	285.225
0.0027735800000000003	0.0003081528	-0.0006689704000000001	0.00036280800000000005	-2.2240000000000004e-05	0.0013147336000000002	285.238
0.0028117528	0.0003024112	-0.0005876904	0.00035612560000000004	4.056e-06	0.0013250856000000001	285.25
0.0028598144	0.0002928296	-0.0005060256	0.0003491712	2.9760000000000003e-05	0.0013362936	285.262
0.0029112336000000003	0.00027854400000000004	-0.0004028704	0.0003346992	5.8880000000000005e-05	0.0013451544	285.275
0.0029301680000000004	0.0002785456	-0.0002855384	0.00031498400000000003	8.893920000000001e-05	0.0013525000000000002	285.288
0.0029228928	0.000286884	-0.0001915928	0.0003052272	0.00011819599999999999	0.0013561456	285.3
0.0029265168000000004	0.0002853272	-0.0001004144	0.0002997152	0.00014874560000000003	0.001356344	285.313
0.0029194072000000002	0.0002855976	-1.448e-05	0.0002918904	0.0001765336	0.0013537968	285.325
0.0029075664000000005	0.000286448	7.000000000000001e-05	0.0002841712	0.0002026936	0.001349864	285.337
0.0029029304	0.0002829008	0.0001618136	0.0002757032	0.0002320952	0.0013453136	285.35
0.0028560776	0.00029129840000000003	0.0002476248	0.0002684888	0.000260676	0.0013336568000000002	285.363
0.0028460856	0.0002838664	0.0003166528	0.0002639176	0.0002831488	0.0013240168000000002	285.375
0.0028298376	0.00028054560000000003	0.0004112144	0.00024934480000000003	0.00030828400000000003	0.0013151392	285.387
0.0027694160000000002	0.0002853184	0.0005078008	0.0002337592	0.0003335896	0.0012954072000000002	285.4
0.0026998536	0.00029905040000000006	0.00057956	0.000221296	0.00035177360000000004	0.0012790792	285.413
0.0026327592	0.0003166072	0.0006263784	0.00022254879999999999	0.00037042	0.0012666760000000002	285.425
0.0025870856000000005	0.00031631680000000003	0.0006740816000000001	0.00022633280000000004	0.00039238240000000007	0.0012487368000000001	285.438
0.0025475688000000003	0.0003117296	0.0007251808	0.000225548	0.00041250000000000005	0.0012298528	285.45
0.0024917632	0.00030604320000000005	0.0007819039999999999	0.00021844560000000001	0.0004294872	0.0012037984	285.462
0.0024077560000000005	0.00031088240000000004	0.0008348816000000001	0.00020516240000000003	0.00043933920000000003	0.0011749704000000001	285.475
0.0023197608000000004	0.00032270400000000005	0.000853728	0.000201216	0.00044192240000000006	0.0011500120000000002	285.488
0.0022741776	0.000327036	0.0008646864000000001	0.00020008000000000002	0.0004463832	0.0011356936	285.5
0.0022170704	0.00033288720000000004	0.0008866112000000001	0.0002023344	0.0004565336	0.0011180832	285.512
0.0021655336	0.0003236552	0.0009065216	0.0001994864	0.00046334560000000003	0.0010909336	285.525
0.0021026976	0.000326228	0.0009284032	0.00019267200000000001	0.00046501600000000006	0.0010685592	285.538
0.0020343392	0.000332928	0.0009375224	0.00018827120000000001	0.0004660104	0.0010472448000000002	285.55
0.0019719704	0.00033607440000000004	0.0009363808	0.00018740960000000002	0.00046337280000000004	0.001025496	285.563
0.0019445576	0.0003322688	0.0009489032	0.0001858464	0.0004667904	0.0010119128	285.575
0.0018611928	0.0003327504	0.0009620856000000001	0.0001767984	0.0004658656	0.0009799536	285.587
0.0017967704000000002	0.0003417776	0.0009361664000000001	0.0001755872	0.00045580960000000004	0.0009619704000000001	285.6
0.0017510240000000001	0.000338884	0.0009230672000000001	0.00017501120000000002	0.0004494888	0.0009419832	285.613
0.0017045688000000001	0.0003391496	0.0009087608	0.0001718456	0.0004414528	0.000924172	285.625
0.0016646168000000001	0.0003388064	0.0008961640000000001	0.0001672256	0.00043350880000000004	0.0009084112000000001	285.637
0.0016080456	0.00034200880000000004	0.0008749488	0.00016418240000000002	0.00042301120000000006	0.0008889544	285.65
0.0015623024	0.00034453600000000005	0.0008415832	0.0001632824	0.00040864960000000007	0.0008731736000000001	285.663
0.0015480712	0.000338232	0.0008167784000000001	0.00015985280000000002	0.000395944	0.0008627648000000001	285.675
0.0015177352000000002	0.0003406432	0.000792936	0.000157188	0.0003853592	0.0008528688	285.688
0.0015060064	0.0003307728	0.0007807576000000001	0.00015113760000000001	0.00037585760000000005	0.0008406640000000001	285.7
0.0014647304000000002	0.0003363152	0.0007693904	0.0001400464	0.0003627456	0.0008289543999999999	285.712
0.00142942	0.00034356160000000003	0.0007405864	0.0001365232	0.00034844080000000005	0.0008208808	285.725
0.0014129320000000002	0.0003419456	0.0007114432	0.0001343128	0.00033543520000000004	0.0008132327999999999	285.738
0.0014008872	0.00034054960000000004	0.0006905984000000001	0.00013019760000000002	0.0003243696	0.0008074776000000001	285.75
0.0013826032000000001	0.0003407776	0.0006715808	0.0001256912	0.00031360640000000005	0.000800564	285.762
0.0013656760000000001	0.00034082880000000005	0.0006525992000000001	0.0001192992	0.0003014256	0.0007940384000000001	285.775
0.0013458624	0.00034215600000000004	0.0006300008000000001	0.000114844	0.00028900480000000004	0.0007873832000000001	285.788
0.0013325280000000001	0.00034173600000000004	0.0006064496	0.00010993680000000001	0.00027599920000000004	0.0007818864	285.8
0.0013296112000000001	0.00033980560000000003	0.0005858559999999999	0.00010348160000000001	0.0002630904	0.0007792576	285.813
0.0013083888	0.00034592160000000005	0.0005695208000000001	9.7712e-05	0.000252272	0.0007757704	285.825
0.001311012	0.0003411	0.0005512216000000001	9.286240000000001e-05	0.00024163840000000002	0.000773048	285.837
0.0012936072	0.00034470960000000005	0.0005326984	8.678160000000001e-05	0.0002295088	0.0007690976	285.85
0.001294328	0.000342292	0.0005191192	7.856000000000001e-05	0.0002179824	0.0007675016000000001	285.863
0.0012734	0.00034818560000000003	0.0005030552	7.208e-05	0.00020654480000000002	0.0007639568	285.875
0.001267384	0.0003510184	0.000479676	6.896e-05	0.0001954208	0.0007638208	285.887
0.0012659192	0.0003500584	0.00046113120000000005	6.464e-05	0.00018477680000000002	0.0007625080000000001	285.9
0.0012521032000000001	0.000352976	0.00041098640000000004	4.608e-05	0.0001506416	0.0007594128000000001	285.94
0.0012490176	0.00035474000000000004	0.00036774	2.568e-05	0.000118276	0.0007595840000000001	285.98
0.0012388552000000001	0.0003605256	0.0003289896	3.992e-06	8.65424e-05	0.0007601304000000001	286.02
0.0012351256	0.00036613440000000003	0.0002897304	-1.8e-05	5.416000000000001e-05	0.0007630344	286.06
0.0012316728000000001	0.0003746528	0.000251068	-3.9120000000000005e-05	2.264e-05	0.0007683032000000001	286.1
0.0012378736	0.00037988720000000004	0.0002165888	-6.104e-05	-7.52e-06	0.000774768	286.14
0.0012341632	0.0003893152	0.00018141040000000001	-8.3424e-05	-3.848e-05	0.0007806424	286.18
0.0012457464	0.0003955504000000001	0.00014347360000000001	-0.00010506560000000001	-7.016e-05	0.0007899720000000001	286.22
0.0012646624	0.0003985448	0.00011737760000000001	-0.0001325	-0.0001014	0.0007996304	286.26
0.001269772	0.00041093440000000003	9.57216e-05	-0.0001629248	-0.0001334992	0.0008112224	286.3
0.0012796536000000002	0.00042367840000000006	6.976000000000001e-05	-0.0001907768	-0.00016515840000000002	0.0008249400000000001	286.34
0.0012922568000000001	0.00043532320000000006	4.696e-05	-0.00021989039999999998	-0.0001963528	0.0008388608000000001	286.38
0.001301936	0.0004479664000000001	2.5280000000000002e-05	-0.0002522536	-0.00022985760000000002	0.0008524224000000001	286.42
0.0013154512	0.0004638624	3.888e-06	-0.0002873096	-0.0002654752	0.0008699936000000001	286.46
0.0013271672	0.000483368	-1.496e-05	-0.00032381680000000005	-0.000301032	0.0008896680000000001	286.5
0.0013442864000000002	0.0005019032	-2.784e-05	-0.0003651392	-0.0003379928	0.0009106856	286.54
0.0013427472	0.0005336536	-4.024000000000001e-05	-0.000408928	-0.000376656	0.000934716	286.58
0.0013459856	0.0005651424000000001	-5.608e-05	-0.000455308	-0.0004187104	0.0009603967999999999	286.62
0.0013299224	0.0006160848000000001	-8.68776e-05	-0.0004991304	-0.00046493040000000004	0.0009936824	286.66
0.0013472728000000001	0.0006622808000000001	-0.00011801520000000001	-0.0005413752	-0.0005098392000000001	0.0010362448	286.7
0.0013305224	0.0007299912000000001	-0.000151144	-0.0005813912000000001	-0.0005535656	0.0010822704000000001	286.74
0.0013270656	0.0008024824	-0.00021214160000000002	-0.0006080064	-0.0005982024000000001	0.0011371600000000001	286.78
0.0013550048000000002	0.000872456	-0.0002771256	-0.0006293784	-0.0006402920000000001	0.001202272	286.82
0.0013889048	0.0009537656000000001	-0.00033355680000000005	-0.0006465272000000001	-0.0006757248000000001	0.0012784912000000002	286.86
0.0014239872	0.0010442832	-0.0003951888	-0.0006484496	-0.0007011144000000001	0.0013623096000000001	286.9
0.0014860328000000003	0.0011277016	-0.0004535520000000001	-0.0006395248000000001	-0.0007171952	0.0014510800000000002	286.94
0.001540512	0.0012245880000000002	-0.0005133352	-0.0006139912	-0.0007205376	0.0015473616000000001	286.98
0.001640676	0.0012966456000000001	-0.0005657056	-0.0005776464	-0.0007129136000000001	0.0016421031999999999	287.02
0.0017414728000000003	0.0013817032	-0.0005892432000000001	-0.0005330928	-0.0006876184	0.0017471736000000003	287.06
0.0018392704	0.0014513312000000002	-0.0005973512	-0.00047029280000000003	-0.0006415368000000001	0.0018391120000000002	287.1
0.0019447584000000001	0.0015042992	-0.0005834552	-0.0004046992	-0.0005854952000000001	0.0019211112	287.14
0.0020171256	0.0015621624	-0.0005607216	-0.0003271512	-0.0005150152	0.0019940616000000003	287.18
0.0020978296	0.0015841864000000002	-0.0005407648000000001	-0.00024315040000000003	-0.00044226320000000005	0.0020424456	287.22
0.0021736592	0.0016023176	-0.0005163352000000001	-0.00016290720000000002	-0.0003705568	0.0020859192	287.26
0.0022590488	0.0015975944	-0.0004788496	-8.53704e-05	-0.0002947904	0.0021153728	287.3
0.002327248	0.0015804024	-0.00042318879999999996	-2.496e-05	-0.0002268152	0.002128488	287.34
0.0023542912	0.0015796296000000001	-0.00038836080000000003	3.632e-05	-0.00016534080000000001	0.0021383768000000003	287.38
0.0024322728	0.0015435072	-0.0003610832	9.437040000000001e-05	-0.00010987840000000001	0.0021406016	287.42
0.0024899696	0.0015129648000000002	-0.0003184072	0.0001326984	-6.368e-05	0.002139288	287.46
0.0025591520000000003	0.0014831840000000002	-0.0002731632	0.00016397600000000003	-2.2240000000000004e-05	0.0021430192	287.5
0.0026195624000000003	0.0014539632	-0.00022141520000000002	0.00018888	1.72e-05	0.0021437824	287.54
0.0026932288	0.0014243088	-0.00015888800000000001	0.00020702960000000003	5.504000000000001e-05	0.0021493512	287.58
0.0027516928000000003	0.0013986048	-8.173920000000001e-05	0.0002202104	9.559520000000001e-05	0.002152088	287.62
0.0028056928	0.0013717224	3.176e-06	0.00022936720000000003	0.0001353344	0.0021521792000000002	287.66
0.0028515888000000002	0.0013429304000000001	0.00010345680000000001	0.00022677040000000003	0.000172272	0.0021476456000000003	287.7
0.0028652936000000003	0.0013344368	0.0002068056	0.0002206328	0.0002073584	0.0021463728000000004	287.74
0.0028614656	0.0013293080000000002	0.00028890880000000005	0.0002247272	0.0002429832	0.0021409096	287.78
0.0028921264	0.001306984	0.000379548	0.0002212704	0.00027507920000000003	0.0021354856	287.82
0.0028719	0.0013124024	0.00047776880000000005	0.0002140712	0.00030748160000000006	0.0021318440000000004	287.86
0.0028608808	0.0013123776000000002	0.0005552416	0.0002213288	0.00034292640000000004	0.0021275504000000003	287.9
0.0028624488000000003	0.0012986104	0.0006481960000000001	0.0002232704	0.000381052	0.00211748	287.94
0.0028233416000000002	0.001296368	0.000748856	0.00021815440000000003	0.0004164736	0.0021005736000000003	287.98
0.0027621528	0.0013022112000000002	0.0008190592000000001	0.000222984	0.000447312	0.0020813744	288.02
0.0027358616000000002	0.0012877808	0.0008832096	0.00022598319999999998	0.0004744336	0.0020599840000000004	288.06
0.0026909712	0.0012825368000000002	0.0009672272000000002	0.00021657120000000002	0.0004999576000000001	0.0020385064000000004	288.1
0.0025986792000000005	0.0012921712	0.001029556	0.00021129360000000003	0.0005201552	0.0020101847999999998	288.14
0.0025259736	0.0012982008	0.0010608088	0.00021446640000000002	0.0005344400000000001	0.0019866632	288.18
0.0024568184	0.0013008232	0.001079108	0.00022149840000000001	0.0005472848	0.0019618768000000003	288.22
0.0024034352	0.0012937920000000002	0.0010931576	0.0002228272	0.00055358	0.0019357184	288.26
0.0023422	0.0012990272000000002	0.0010999568	0.0002223208	0.000555528	0.0019160296	288.3
0.00229854	0.0012993376	0.0010984256	0.00022629840000000002	0.0005582808	0.0018993376	288.34
0.002264136	0.0012937928	0.001105696	0.0002232776	0.0005585096000000001	0.0018816936	288.38
0.0022061608000000003	0.001307568	0.0011022856	0.00022396640000000003	0.0005577408	0.0018698928	288.42
0.0021798424	0.0013058368000000002	0.001088228	0.00023226319999999998	0.0005589576	0.0018583432000000002	288.46
0.0021499944000000003	0.0013039744000000002	0.001077336	0.00023604080000000003	0.0005575488	0.0018453224	288.5
0.002141612	0.0012981584	0.0010719400000000002	0.00023519600000000002	0.0005543432000000001	0.00183756	288.54
0.0021229680000000003	0.0013019552	0.0010779152	0.00023401440000000003	0.0005558728	0.0018332744000000003	288.58
0.0020982832	0.0012984888	0.0010838024	0.00023138960000000002	0.0005563888000000001	0.0018210112	288.62
0.0020658608	0.0013079896	0.0010787336000000001	0.0002306408	0.0005539008	0.0018158064000000002	288.66
0.002052052	0.0013072296000000002	0.001068128	0.0002348096	0.000553016	0.0018098608	288.7
0.0020466088	0.0013040552000000002	0.0010703856	0.00023290960000000002	0.0005524896	0.0018052872	288.74
0.0020235376	0.001308108	0.0010780896	0.0002278976	0.0005516992000000001	0.0017994832	288.78
0.0019918504	0.0013187648	0.0010671760000000002	0.00023078640000000002	0.0005492720000000001	0.0017954600000000002	288.82
0.0019960008000000002	0.0013153152000000001	0.0010597896000000002	0.00023503119999999998	0.0005496352000000001	0.0017943944	288.86
0.001978588	0.0013160016	0.001063768	0.00023455680000000002	0.0005518376	0.0017881728	288.9
0.0019679008	0.0013128424	0.0010659760000000002	0.00022961200000000002	0.0005477368	0.0017815775999999999	288.94
0.0019434352	0.0013243424000000002	0.0010632648	0.00022608640000000002	0.0005444856	0.0017810088000000002	288.98
0.0019339320000000002	0.0013300872	0.0010540928	0.00023135920000000003	0.0005447112	0.0017817800000000002	289.02
0.0019277616000000003	0.0013267992	0.0010503488	0.00023404160000000003	0.000546072	0.0017768360000000002	289.06
0.001925068	0.0013235096	0.0010560584	0.00022765440000000001	0.0005426912	0.0017732392	289.1
0.0018974912000000001	0.0013377864	0.0010540768000000002	0.00022604639999999998	0.0005408912	0.0017736184	289.14
0.0019005672000000002	0.0013349920000000001	0.001051796	0.00022758160000000002	0.00054122	0.001772644	289.18
0.00187698	0.0013419688	0.0010509256	0.0002268568	0.0005403944000000001	0.001768908	289.22
0.0018775848000000001	0.0013400344	0.0010496888	0.0002251136	0.0005386016000000001	0.0017676416000000001	289.26
0.0018527392	0.001349008	0.0010504368000000001	0.00022250080000000002	0.0005371384	0.0017649664	289.3
0.0018362592	0.001353864	0.0010347568	0.00022565520000000002	0.0005331848000000001	0.0017623408	289.34
0.0018450808	0.001350468	0.0010281512	0.00022439520000000002	0.000529824	0.001763128	289.38
0.0018310983999999999	0.0013569976	0.0010294368	0.00022085680000000002	0.0005275664000000001	0.0017627704000000002	289.42
0.0018264728000000003	0.0013580992	0.0010267536	0.0002178864	0.000524384	0.0017618312000000002	289.46
0.0018121743999999999	0.0013669136000000002	0.0010249712	0.00021470000000000001	0.0005211144000000001	0.0017631224000000001	289.5
0.0017767592	0.0013843656	0.000994024	0.0002164752	0.0005110415999999999	0.0017629240000000001	289.625
0.0017839016	0.0013863616000000002	0.0009640896	0.00021186719999999998	0.000495624	0.0017672424	289.75
0.0017846984	0.0013973224	0.0009537536	0.0001909632	0.000475552	0.0017760536	289.875
0.0017743728	0.0014349176000000002	0.0009386512	0.0001758584	0.000456788	0.0018012104000000003	290.0
0.0017762360000000003	0.0014653088	0.0009149192000000001	0.0001739288	0.00044679280000000006	0.001825508	290.125
0.0017886176000000001	0.0014927152000000002	0.0008889376	0.0001731208	0.00043605680000000004	0.001851568	290.25
0.0018254719999999999	0.0015183584000000002	0.0008734384	0.000169984	0.000427124	0.0018857528	290.375
0.0018651032000000002	0.0015488560000000001	0.0008847352	0.0001634392	0.00042654800000000006	0.0019247792	290.5
0.0018787776	0.0015893128000000001	0.0009095592	0.00015851920000000002	0.00043266800000000004	0.0019614648	290.625
0.001865376	0.0016421200000000002	0.0009060864000000001	0.00017186800000000002	0.0004418248	0.0019972288	290.75
0.0019143456	0.0016627512000000001	0.0009020488000000001	0.0001881928	0.0004529536	0.002032224	290.875
0.0019490512000000003	0.0016925616000000002	0.0009353808	0.0001884352	0.00046586800000000003	0.002068808	291.0
0.0019510848000000001	0.0017424784	0.0009692768	0.00019478080000000003	0.0004836768	0.0021083160000000003	291.125
0.0019560464	0.0017901496	0.0009901416	0.0002185392	0.0005107584000000001	0.0021472176	291.25
0.0019699624	0.0018207496000000002	0.0010144808	0.0002454648	0.0005414920000000001	0.0021763512	291.375
0.0019767584	0.0018506792	0.0010489576	0.0002643928	0.000569388	0.0022022024	291.5
0.0019624448	0.0018934336000000001	0.0010755768	0.0002874496	0.0005973976	0.0022298152	291.625
0.0019612576	0.0019285792	0.0010907024	0.00032005200000000003	0.0006287424	0.002256616	291.75
0.0019692304000000003	0.0019554136000000002	0.0011142576	0.00035004000000000003	0.0006610128	0.0022805232	291.875
0.0019672064	0.0019898272	0.0011493968	0.00037802720000000003	0.0006962320000000001	0.002306432	292.0
0.0019386184000000002	0.0020318512	0.0011702888	0.0004196312	0.0007371608	0.0023279424	292.125
0.0019385752	0.002050136	0.001185	0.0004645432	0.0007777944000000001	0.0023421080000000003	292.25
0.0019182888	0.0020765032	0.0012018776	0.0005050384	0.0008154664000000001	0.0023546928000000005	292.375
0.001905388	0.0021015904	0.0012050072000000002	0.0005541968	0.0008547208000000001	0.0023691488	292.5
0.0019086072	0.0021137168	0.0012102224	0.0006064368	0.0008974984000000001	0.0023798032000000003	292.625
0.001909704	0.0021211912	0.001223104	0.0006559168	0.0009410552000000002	0.0023860272	292.75
0.0019089264000000002	0.002124512	0.0012372160000000002	0.0007037296	0.0009834352	0.0023883016	292.875
0.0019103848	0.0021246968000000004	0.0012533064000000002	0.0007502608	0.0010258704	0.0023890104	293.0
0.0019104272	0.0021206744	0.0012742648	0.0007954408	0.0010681712	0.0023859072	293.125
0.00189544	0.0021052816	0.0013089128	0.0008670392000000001	0.0011382744	0.0023681536	293.35
0.0018762032000000002	0.0020848544000000003	0.0013596856	0.000973192	0.0012385728000000001	0.002344848	293.7
0.0018345112000000001	0.0020365784000000004	0.0014048992	0.0010818888	0.001344052	0.0022912320000000003	294.05
0.0017971344	0.0019336192	0.0014446256	0.001145636	0.0014109632000000002	0.0021968720000000003	294.4
0.0017165416	0.0018783936	0.0014466488	0.0011696488	0.0014274664	0.0021227776	294.75
0.0017159064000000003	0.0018202712000000001	0.00142928	0.0011827456	0.0014297408	0.0020774472	295.1
0.0017092032000000001	0.0017913304000000002	0.0014355560000000002	0.0011852496000000002	0.001433812	0.0020523976	295.45
0.0017112576	0.0017729416000000003	0.0014475352	0.0011953176	0.0014467064	0.0020389312	295.8
0.0017194760000000002	0.0017539343999999999	0.0014759328000000002	0.0012103744	0.0014696040000000002	0.0020273752	296.15
0.0017123176	0.0017305632000000001	0.0015193296	0.0012217344	0.0014962808	0.0020064696	296.5
0.0016863368000000001	0.00171452	0.0015644016000000002	0.001229372	0.0015199232000000001	0.0019839496000000002	296.85
0.0016430055999999999	0.0016979464	0.0015973784000000001	0.0012356232	0.0015384032	0.0019542879999999998	297.2
0.0016033792000000003	0.0016821856	0.0016178136	0.0012330792	0.0015430848000000002	0.0019266936	297.55
0.0015632248000000003	0.0016854872000000001	0.0016338392	0.0012276376000000002	0.0015446008000000002	0.0019136816000000002	297.9
0.0015171792	0.0017007672000000002	0.0016402728	0.0012354288	0.0015537728000000002	0.0019076752	298.25
0.0014790072000000001	0.0017061408000000001	0.0016353496	0.0012521304	0.0015651064	0.0018970392	298.6
0.0014537960000000003	0.0017109528	0.0016327904000000002	0.0012673520000000002	0.001575964	0.0018909935999999999	298.95
0.0014151328	0.0017238384	0.0016258368	0.0012897936000000002	0.0015906432000000002	0.0018859936	299.3
0.0013935536	0.0017227064000000002	0.0016124176	0.0013164992000000001	0.0016068576000000002	0.0018767464000000002	299.65
0.0013690808000000002	0.0017243656	0.0015981696000000002	0.0013415344	0.0016205968000000002	0.0018685416	300.0
0.0013560768000000002	0.0017223400000000002	0.0015808272000000002	0.0013688992	0.0016352512	0.0018619272	300.35
0.0013491456000000001	0.0017166104000000003	0.001567312	0.0013951048000000001	0.0016503912	0.0018547944	300.7
0.001344984	0.0017115496000000001	0.0015579352	0.0014200264000000002	0.0016659624000000001	0.0018492544	301.05
0.0013416888	0.0017077192000000002	0.0015512768000000001	0.0014477656000000002	0.0016847416000000002	0.0018450056	301.4
0.001341304	0.0016972952	0.0015480088	0.0014767232000000002	0.0017066456000000001	0.0018367703999999999	301.75
0.0013400320000000001	0.0016853184	0.0015491848000000002	0.0015037736000000001	0.0017281576000000001	0.0018269872	302.1
0.0013356440000000002	0.0016714112	0.0015513848000000001	0.0015297616000000001	0.0017492856000000002	0.0018144976000000002	302.45
0.001336716	0.0016551136000000001	0.0015611072	0.0015523376000000002	0.0017705832000000001	0.0018022712	302.8
0.0013154768000000002	0.0016453064000000002	0.0015699800000000001	0.0015756512	0.001792376	0.0017864272000000002	303.15
0.0012973200000000002	0.0016324936000000003	0.0015648016000000002	0.0016049536	0.0018131376000000002	0.0017694464000000002	303.5
0.0012905688	0.0016108552000000003	0.001556864	0.0016352240000000002	0.001833744	0.001750044	303.85
0.0012876992	0.0015832464	0.0015538392	0.0016609224	0.0018527711999999999	0.0017275151999999998	304.2
0.0012837128	0.0015535208000000001	0.001556632	0.0016793863999999999	0.0018681087999999999	0.0017029112	304.55
0.0012680192	0.0015319656	0.0015549600000000002	0.0016986256000000003	0.0018825224000000003	0.0016801048	304.9
0.0012620992	0.0014989320000000001	0.0015455096	0.0017186248000000002	0.0018946016	0.0016521848	305.25
0.0012664592000000002	0.001464188	0.0015424152000000002	0.001731304	0.0019032976000000002	0.0016269264	305.6
0.0012627136000000001	0.0014299808000000002	0.0015442504	0.001737884	0.0019092184000000002	0.0015989392000000002	305.95
0.0012606552000000001	0.0013993328	0.0015462136	0.0017405272	0.0019120312	0.0015743687999999999	306.3
0.0012528496	0.0013711968000000001	0.0015452904	0.00174274	0.0019135464000000003	0.0015495168000000002	306.65
0.001257316	0.0013388464	0.0015475344	0.0017404784	0.0019127136000000001	0.0015261552	307.0
0.001248032	0.0013151648	0.001552392	0.0017348472000000001	0.0019103632	0.0015041848	307.35
0.001243648	0.0012906760000000001	0.0015524144000000001	0.0017291064	0.0019058768000000002	0.0014834896000000001	307.7
0.0012418784000000002	0.0012695816	0.0015551288	0.0017210064	0.001900592	0.00146644	308.05
0.001236728	0.0012527304	0.0015602416	0.0017136568000000003	0.0018971264000000002	0.0014513712	308.4
0.001227532	0.001235684	0.0015625704000000002	0.0017072472000000003	0.0018931520000000002	0.0014345824000000001	308.75
0.00122214	0.0012205968	0.0015619168	0.0017014648	0.0018883912	0.001420788	309.1
0.001221084	0.0012036832000000002	0.0015643112000000002	0.0016958735999999999	0.0018852512	0.0014072592000000002	309.45
0.0012169944	0.00118562	0.0015721536000000002	0.0016861664	0.0018809824	0.0013916624000000002	309.8
0.0012010192	0.001176	0.0015740832	0.0016763472000000002	0.0018739608000000003	0.0013780040000000002	310.15
0.0011989968000000002	0.0011636288	0.0015732440000000001	0.0016679384	0.0018670888	0.001367624	310.5
0.0011907168	0.0011563096	0.0015759776	0.0016605352000000002	0.0018626264000000002	0.0013587352	310.85
0.0011835592000000001	0.0011452208	0.0015765656	0.0016543688	0.0018583039999999999	0.0013473576	311.2
0.0011787096000000002	0.001135316	0.0015801192	0.0016451832	0.0018525	0.0013377936	311.55
0.0011622896000000001	0.001132864	0.0015779408000000002	0.0016398064	0.0018476256	0.0013295232	311.9
0.0011638072	0.0011206328	0.0015741304000000001	0.0016355832000000002	0.0018430584	0.0013206248000000001	312.25
0.001159416	0.0011121672000000001	0.0015786072000000002	0.0016262200000000003	0.001837428	0.0013123544	312.6
0.0011485056000000002	0.0011098584	0.0015810376000000002	0.0016189752000000002	0.0018328912	0.0013063328000000002	312.95
0.0011383808	0.0011053864	0.0015778704000000002	0.0016155512	0.0018291808	0.0012989368	313.3
0.0011361544	0.0010980312	0.0015759151999999998	0.00161152	0.0018253832000000002	0.0012923680000000001	313.65
0.0011302744	0.0010915096	0.0015783848	0.0016053408000000003	0.001821768	0.0012850288	314.0
0.0011187736	0.0010878864	0.0015778024000000002	0.0015991168	0.0018166056	0.0012777576000000002	314.35
0.0011113520000000001	0.0010854936	0.0015729496	0.0015948440000000002	0.0018113959999999998	0.0012730232	314.7
0.0011087024	0.0010822688	0.0015698304	0.0015923408	0.0018083176	0.0012694944	315.05
0.001104916	0.0010770912000000001	0.0015704704000000002	0.001589556	0.0018067871999999999	0.0012640096000000002	315.4
0.0010962095999999999	0.0010727376	0.0015709864	0.0015855576	0.001804112	0.001257256	315.75
0.001083932	0.0010707639999999999	0.0015631800000000002	0.0015830960000000002	0.0017986928	0.0012509640000000002	316.1
0.0010902024	0.0010652912000000002	0.0015578008	0.0015809928	0.0017952336	0.0012491504000000002	316.45
0.001086592	0.0010616911999999999	0.0015606888	0.0015777432000000002	0.001794164	0.0012449576	316.8
0.0010791336000000001	0.0010586944	0.00155998	0.0015754232000000001	0.0017921240000000002	0.00123974	317.15
0.0010751008	0.0010553888	0.0015561912000000002	0.0015745512	0.0017900400000000001	0.001235612	317.5
0.0010775088	0.0010480720000000002	0.0015589352	0.0015711624000000002	0.0017886760000000003	0.0012308704000000001	317.85
0.0010626544	0.0010483272	0.0015592592000000002	0.0015680856	0.0017864040000000001	0.0012253072000000002	318.2
0.0010608784	0.0010441056	0.0015539232	0.0015678063999999999	0.0017842064000000001	0.001221344	318.55
0.0010581952000000001	0.0010395576	0.001554012	0.0015661720000000002	0.0017832616	0.0012167752	318.9
0.0010487008000000001	0.0010355904000000002	0.0015508912	0.001564084	0.0017800496	0.0012100160000000002	319.25
0.0010488888	0.0010320968	0.0015465616	0.0015625176000000002	0.0017773848	0.0012073792	319.6
0.0010458128000000002	0.001026348	0.001546176	0.0015599488	0.0017759104000000003	0.0012017264	320.0
0.001026088	0.0010137848	0.0015375312	0.001550884	0.0017647744000000001	0.0011843312000000001	321.5
0.0010177880000000002	0.0010028736	0.0015270808000000002	0.0015465560000000001	0.0017579944	0.0011726488000000001	323.0
0.0010110312	0.0009891528000000001	0.0015223576000000002	0.0015459296000000001	0.0017561736000000002	0.0011593856	324.5
0.0010036104000000002	0.0009693831999999999	0.0015217120000000002	0.0015431432000000001	0.0017545288	0.001141172	326.0
0.0009925544	0.0009534648000000001	0.0015214896000000002	0.0015379984	0.001750568	0.0011245368	327.5
0.000985936	0.0009358512	0.001524144	0.0015324944	0.0017477296000000002	0.0011083072	329.0
0.0009714224000000001	0.0009196688000000001	0.0015293536	0.001524976	0.0017442464000000002	0.0010901256	330.5
0.000955696	0.0009065736	0.0015319792000000002	0.0015183776	0.0017403944000000003	0.0010738688	332.0
0.0009415864	0.0008906808000000001	0.0015363024	0.0015116752000000002	0.0017373584000000002	0.0010560688000000001	333.5
0.0009197464000000001	0.0008771464	0.0015410456	0.0015030728	0.0017328744	0.0010371	335.0
0.000893736	0.0008664048000000001	0.0015393808000000002	0.0014956928000000001	0.0017267520000000002	0.0010186799999999999	336.5
0.0008719568000000001	0.0008545664	0.0015331616	0.0014895968000000002	0.0017199288000000002	0.0010010504	338.0
0.000850252	0.0008430624	0.001524556	0.0014836152	0.001712172	0.0009837088	339.5
0.0008329408000000001	0.000831572	0.0015147064000000001	0.0014782328000000002	0.0017044616	0.0009680824	341.0
0.0008158528	0.0008190456000000001	0.0015057504	0.0014727592	0.0016971592000000002	0.0009517384000000001	342.5
0.000796504	0.0008070184	0.0014935776	0.0014673784000000002	0.0016886096	0.0009349048000000001	344.0
0.0007840144000000001	0.0007925416	0.0014795856	0.0014606488000000002	0.001678156	0.0009188320000000001	345.5
0.0007718912	0.0007807872000000001	0.0014659504	0.0014525064000000002	0.0016667512	0.0009050120000000001	347.0
0.0007654352	0.0007688424000000001	0.0014535584000000001	0.0014439168000000002	0.0016552672000000003	0.0008932424	348.5
0.0007599688	0.0007599688	0.0014461328000000002	0.0014358904000000001	0.0016463640000000002	0.0008842392	350.0
